Timestamp,B0S0X,B0S0Y,B0S0Z,B0S1X,B0S1Y,B0S1Z,B0S2X,B0S2Y,B0S2Z,B0S3X,B0S3Y,B0S3Z,B0S4X,B0S4Y,B0S4Z,B1S0X,B1S0Y,B1S0Z,B1S1X,B1S1Y,B1S1Z,B1S2X,B1S2Y,B1S2Z,B1S3X,B1S3Y,B1S3Z,B1S4X,B1S4Y,B1S4Z,B2S0X,B2S0Y,B2S0Z,B2S1X,B2S1Y,B2S1Z,B2S2X,B2S2Y,B2S2Z,B2S3X,B2S3Y,B2S3Z,B2S4X,B2S4Y,B2S4Z,B3S0X,B3S0Y,B3S0Z,B3S1X,B3S1Y,B3S1Z,B3S2X,B3S2Y,B3S2Z,B3S3X,B3S3Y,B3S3Z,B3S4X,B3S4Y,B3S4Z,B4S0X,B4S0Y,B4S0Z,B4S1X,B4S1Y,B4S1Z,B4S2X,B4S2Y,B4S2Z,B4S3X,B4S3Y,B4S3Z,B4S4X,B4S4Y,B4S4Z,B5S0X,B5S0Y,B5S0Z,B5S1X,B5S1Y,B5S1Z,B5S2X,B5S2Y,B5S2Z,B5S3X,B5S3Y,B5S3Z,B5S4X,B5S4Y,B5S4Z,B6S0X,B6S0Y,B6S0Z,B6S1X,B6S1Y,B6S1Z,B6S2X,B6S2Y,B6S2Z,B6S3X,B6S3Y,B6S3Z,B6S4X,B6S4Y,B6S4Z,B7S0X,B7S0Y,B7S0Z,B7S1X,B7S1Y,B7S1Z,B7S2X,B7S2Y,B7S2Z,B7S3X,B7S3Y,B7S3Z,B7S4X,B7S4Y,B7S4Z
15:06:59.491952,-1351.05,14.7,-176.0,,,,,,,,,,,,,,,,,,,,,,,,,,,,,,,,,,,,,,,,,,,,,,,,,,,,,,,,,,,,,,,,,,,,,,,,,,,,,,,,,,,,,,,,,,,,,,,,,,0.0,0.0,0.0,0.0,0.0,0.0,0.0,0.0,0.0,0.0,0.0,0.0,0.0,0.0,0.0,0.0,0.0,0.0,0.0,0.0
15:06:59.515668,-1355.1,12.0,-1758.13,58.8,-4.5,-538.21,249.0,-790.05,-1338.02,1986.45,3968.7,-4808.3,-574.05,219.45,-1036.97,2113.5,-483.15,-144.47,2845.05,-3942.15,-1429.25,3008.7,-723.0,1167.65,-3673.35,435.3,5829.3,-2425.35,654.15,-730.6,1463.7,-125.1,428.34,-245.4,-50.55,185.86,-618.3,754.5,679.54,-4065.45,-84.0,-4969.23,440.1,-787.5,38.96,0.0,0.0,0.0,,,,,,,,,,,,,0.0,0.0,0.0,,,,,,,,,,,,,0.0,0.0,0.0,0.0,0.0,0.0,0.0,0.0,0.0,0.0,0.0,0.0,0.0,0.0,0.0,0.0,0.0,0.0,0.0,0.0,0.0,0.0,0.0,0.0,0.0,0.0,0.0,0.0,0.0,0.0,0.0,0.0,0.0,0.0,0.0,0.0,0.0,0.0,0.0,0.0,0.0,0.0,0.0,0.0,0.0
15:06:59.788078,-1356.6,15.3,-1753.53,52.35,-7.95,-547.65,244.8,-791.1,-1347.7,1987.35,3970.95,-4811.93,-571.95,213.6,-1043.02,2107.35,-492.6,-143.02,2841.3,-3934.5,-1429.98,3002.25,-719.4,1157.24,-3668.55,434.85,5823.25,-2427.6,653.7,-729.39,1461.6,-127.8,428.34,-248.7,-48.6,183.19,-617.7,761.4,680.75,-4070.4,-93.9,-4972.62,438.45,-785.85,46.71,0.0,0.0,0.0,,,,,,,,,,,,,0.0,0.0,0.0,,,,,,,,,,,,,0.0,0.0,0.0,0.0,0.0,0.0,0.0,0.0,0.0,0.0,0.0,0.0,0.0,0.0,0.0,0.0,0.0,0.0,0.0,0.0,0.0,0.0,0.0,0.0,0.0,0.0,0.0,0.0,0.0,0.0,0.0,0.0,0.0,0.0,0.0,0.0,0.0,0.0,0.0,0.0,0.0,0.0,0.0,0.0,0.0
15:07:00.132708,-1355.85,12.6,-1749.42,54.0,-5.55,-540.14,247.5,-788.25,-1335.11,1986.6,3979.95,-4815.56,-566.55,220.95,-1044.47,2108.7,-488.4,-149.8,2842.5,-3939.6,-1418.85,3009.9,-715.8,1169.34,-3681.15,437.55,5840.43,-2430.15,661.05,-731.57,1466.25,-126.9,415.03,-247.8,-49.05,172.55,-621.45,759.15,688.97,-4074.9,-93.0,-4972.62,441.15,-788.25,46.46,0.0,0.0,0.0,,,,,,,,,,,,,0.0,0.0,0.0,,,,,,,,,,,,,0.0,0.0,0.0,0.0,0.0,0.0,0.0,0.0,0.0,0.0,0.0,0.0,0.0,0.0,0.0,0.0,0.0,0.0,0.0,0.0,0.0,0.0,0.0,0.0,0.0,0.0,0.0,0.0,0.0,0.0,0.0,0.0,0.0,0.0,0.0,0.0,0.0,0.0,0.0,0.0,0.0,0.0,0.0,0.0,0.0
15:07:00.381448,-1351.05,11.25,-1749.66,50.4,-10.65,-543.53,256.5,-787.95,-1351.57,1990.65,3975.6,-4802.01,-569.25,220.05,-1043.75,2109.45,-482.55,-151.73,2840.25,-3932.1,-1408.44,3007.95,-726.15,1162.57,-3673.65,436.05,5846.96,-2429.25,654.0,-733.02,1466.1,-127.35,419.39,-241.05,-54.75,184.4,-621.6,757.95,678.81,-4065.75,-82.2,-4971.41,440.85,-789.75,46.71,0.0,0.0,0.0,,,,,,,,,,,,,0.0,0.0,0.0,,,,,,,,,,,,,0.0,0.0,0.0,0.0,0.0,0.0,0.0,0.0,0.0,0.0,0.0,0.0,0.0,0.0,0.0,0.0,0.0,0.0,0.0,0.0,0.0,0.0,0.0,0.0,0.0,0.0,0.0,0.0,0.0,0.0,0.0,0.0,0.0,0.0,0.0,0.0,0.0,0.0,0.0,0.0,0.0,0.0,0.0,0.0,0.0
15:07:00.629438,-1350.9,16.8,-1751.6,51.3,-4.65,-528.04,247.95,-788.1,-1348.18,1987.5,3977.4,-4814.35,-571.2,218.85,-1047.86,2112.0,-488.55,-143.51,2837.4,-3936.3,-1407.96,3003.9,-722.25,1164.02,-3676.2,436.95,5831.23,-2424.6,656.55,-736.41,1467.75,-124.2,411.88,-242.4,-48.3,179.56,-619.8,754.2,689.7,-4063.5,-87.6,-4961.24,441.3,-793.35,40.41,0.0,0.0,0.0,,,,,,,,,,,,,0.0,0.0,0.0,,,,,,,,,,,,,0.0,0.0,0.0,0.0,0.0,0.0,0.0,0.0,0.0,0.0,0.0,0.0,0.0,0.0,0.0,0.0,0.0,0.0,0.0,0.0,0.0,0.0,0.0,0.0,0.0,0.0,0.0,0.0,0.0,0.0,0.0,0.0,0.0,0.0,0.0,0.0,0.0,0.0,0.0,0.0,0.0,0.0,0.0,0.0,0.0
15:07:00.874135,-1355.25,9.6,-1753.77,53.7,-11.7,-533.13,252.15,-791.7,-1345.52,1986.15,3954.15,-4800.55,-572.4,215.55,-1045.92,2109.0,-482.25,-154.15,2839.8,-3939.9,-1419.33,3008.25,-722.85,1161.84,-3677.7,438.9,5827.84,-2430.3,653.7,-732.78,1464.9,-121.65,429.07,-241.8,-55.8,178.6,-614.25,754.5,677.84,-4066.35,-93.3,-4960.52,447.9,-788.25,39.69,0.0,0.0,0.0,,,,,,,,,,,,,0.0,0.0,0.0,,,,,,,,,,,,,0.0,0.0,0.0,0.0,0.0,0.0,0.0,0.0,0.0,0.0,0.0,0.0,0.0,0.0,0.0,0.0,0.0,0.0,0.0,0.0,0.0,0.0,0.0,0.0,0.0,0.0,0.0,0.0,0.0,0.0,0.0,0.0,0.0,0.0,0.0,0.0,0.0,0.0,0.0,0.0,0.0,0.0,0.0,0.0,0.0
15:07:01.117483,-1352.85,10.5,-1744.82,51.3,-5.55,-539.18,252.45,-788.25,-1345.76,1984.95,3968.55,-4808.3,-568.35,213.15,-1046.89,2110.35,-484.8,-139.88,2839.05,-3938.25,-1421.51,3008.85,-720.3,1154.34,-3677.1,442.8,5844.3,-2423.7,662.55,-733.5,1466.85,-128.1,429.07,-242.4,-49.65,184.89,-615.75,757.05,689.46,-4073.25,-88.2,-4961.73,441.15,-790.5,37.27,0.0,0.0,0.0,,,,,,,,,,,,,0.0,0.0,0.0,,,,,,,,,,,,,0.0,0.0,0.0,0.0,0.0,0.0,0.0,0.0,0.0,0.0,0.0,0.0,0.0,0.0,0.0,0.0,0.0,0.0,0.0,0.0,0.0,0.0,0.0,0.0,0.0,0.0,0.0,0.0,0.0,0.0,0.0,0.0,0.0,0.0,0.0,0.0,0.0,0.0,0.0,0.0,0.0,0.0,0.0,0.0,0.0
15:07:01.368619,-1351.65,9.45,-1762.73,57.6,2.7,-535.3,253.5,-788.7,-1347.46,1985.85,3976.95,-4814.59,-565.8,216.9,-1051.25,2107.65,-483.45,-142.3,2839.65,-3936.0,-1418.12,3002.25,-723.6,1162.57,-3677.85,436.65,5835.35,-2427.15,654.0,-739.79,1463.1,-129.15,423.5,-242.25,-52.2,177.63,-614.7,760.2,691.39,-4061.7,-92.55,-4966.57,443.85,-779.85,38.72,0.0,0.0,0.0,,,,,,,,,,,,,0.0,0.0,0.0,,,,,,,,,,,,,0.0,0.0,0.0,0.0,0.0,0.0,0.0,0.0,0.0,0.0,0.0,0.0,0.0,0.0,0.0,0.0,0.0,0.0,0.0,0.0,0.0,0.0,0.0,0.0,0.0,0.0,0.0,0.0,0.0,0.0,0.0,0.0,0.0,0.0,0.0,0.0,0.0,0.0,1.0,,,,0.0,0.0,0.0
15:07:01.615925,-1352.85,15.75,-1749.18,58.95,-3.75,-535.55,241.2,-786.75,1.0,,,,,,,,,,,,,,,,,,,,,,,,,,,,,,,,,,,,,,,,,,,,,,,,,,,,,,,,,,,,,,,,,,,,,,,,,,,,,,,,,,,,,,,,,,,,,,,,,,,,,,,0.0,0.0,0.0,0.0,0.0,0.0,0.0,0.0,0.0
15:07:01.873535,-1351.5,11.4,-1752.56,49.2,1.2,-544.02,243.45,-789.3,-1336.32,1978.2,3975.6,-4816.77,-568.65,212.55,-1055.36,2107.2,-489.45,-137.94,2838.75,-3934.65,-1421.51,2999.4,-725.25,1159.91,-3676.65,440.85,5832.68,-2434.5,654.6,-737.86,1466.25,-125.4,416.97,-244.65,-57.3,181.02,-617.4,756.75,687.28,-4065.45,-88.35,-4971.16,443.25,-783.9,52.51,0.0,0.0,0.0,,,,,,,,,,,,,0.0,0.0,0.0,,,,,,,,,,,,,0.0,0.0,0.0,0.0,0.0,0.0,0.0,0.0,0.0,0.0,0.0,0.0,0.0,0.0,0.0,0.0,0.0,0.0,0.0,0.0,0.0,0.0,0.0,0.0,0.0,0.0,0.0,0.0,0.0,0.0,0.0,0.0,0.0,0.0,0.0,0.0,0.0,0.0,0.0,0.0,0.0,0.0,0.0,0.0,0.0
15:07:02.128044,-1350.9,7.2,-1741.19,58.2,-1.35,-534.09,247.05,-784.05,-1342.62,1991.55,3972.15,-4805.15,-568.5,213.3,-1048.59,2109.3,-484.95,-152.94,2842.35,-3937.65,-1419.81,3004.2,-723.45,1146.35,-3675.45,433.05,5812.36,-2432.55,658.8,-736.65,1462.35,-124.2,415.76,-241.35,-49.5,181.5,-613.8,765.3,690.43,-4061.4,-88.5,-4966.57,441.75,-786.45,42.83,0.0,0.0,0.0,,,,,,,,,,,,,0.0,0.0,0.0,,,,,,,,,,,,,0.0,0.0,0.0,0.0,0.0,0.0,0.0,0.0,0.0,0.0,0.0,0.0,0.0,0.0,0.0,0.0,0.0,0.0,0.0,0.0,0.0,0.0,0.0,0.0,0.0,0.0,0.0,0.0,0.0,0.0,0.0,0.0,0.0,0.0,0.0,0.0,0.0,0.0,0.0,0.0,0.0,0.0,0.0,0.0,0.0
15:07:02.379318,-1353.15,13.8,-1750.63,51.9,-3.75,-536.76,250.5,-789.75,-1344.31,1985.55,3984.3,-4808.78,-567.45,218.1,-1038.91,2107.95,-489.3,-148.83,2840.7,-3946.2,-1420.78,2998.35,-720.15,1156.28,-3668.85,433.8,5858.09,-2422.95,655.35,-733.02,1460.7,-128.25,422.05,-250.2,-52.5,176.42,-616.2,761.1,687.04,-4062.0,-88.65,-4959.06,442.05,-789.9,43.32,0.0,0.0,0.0,,,,,,,,,,,,,0.0,0.0,0.0,,,,,,,,,,,,,0.0,0.0,0.0,0.0,0.0,0.0,0.0,0.0,0.0,0.0,0.0,0.0,0.0,0.0,0.0,0.0,0.0,0.0,0.0,0.0,0.0,0.0,0.0,0.0,0.0,0.0,0.0,0.0,0.0,0.0,0.0,0.0,0.0,0.0,0.0,0.0,0.0,0.0,0.0,0.0,0.0,0.0,0.0,0.0,0.0
15:07:02.625769,-1354.95,11.4,-1759.34,55.5,-10.8,-544.02,250.95,-793.5,-1346.49,1986.45,3975.6,,,,,,,,,,,,,,,,,,,,,,,,,,,,,,,,,,,,,,,,,,,,,,,,,,,,,,,,,,,,,,,,,,,,,0.0,0.0,0.0,0.0,0.0,0.0,0.0,0.0,0.0,0.0,0.0,0.0,0.0,0.0,0.0,0.0,0.0,0.0,0.0,0.0,0.0,0.0,0.0,0.0,0.0,0.0,0.0,0.0,0.0,0.0,0.0,0.0,0.0,0.0,0.0,0.0,0.0,0.0,0.0,0.0,0.0
15:07:02.874807,-1348.35,10.05,-1760.07,53.1,-5.85,-540.87,243.3,-785.1,-1346.49,1989.6,3970.65,-4816.53,-572.25,217.35,-1047.38,2111.1,-488.85,-138.91,2844.15,-3940.05,-1414.01,3007.65,-721.65,1147.08,-3679.65,430.5,5841.88,-2421.75,648.6,-734.47,1459.95,-125.85,419.39,-240.3,-54.6,178.6,-614.4,757.95,687.28,-4062.45,-82.8,-4960.52,437.85,-788.25,48.88,0.0,0.0,0.0,,,,,,,,,,,,,0.0,0.0,0.0,,,,,,,,,,,,,0.0,0.0,0.0,0.0,0.0,0.0,0.0,0.0,0.0,0.0,0.0,0.0,0.0,0.0,0.0,0.0,0.0,0.0,0.0,0.0,0.0,0.0,0.0,0.0,0.0,0.0,0.0,0.0,0.0,0.0,0.0,0.0,0.0,0.0,0.0,0.0,0.0,0.0,0.0,0.0,0.0,0.0,0.0,0.0,0.0
15:07:03.119567,-1355.25,11.1,-1753.29,54.15,-9.9,-535.79,255.3,-786.75,-1336.57,1983.75,3977.55,-4813.14,-572.25,218.1,-1042.78,2115.45,-489.15,-153.19,2841.75,-3936.3,-1420.54,3008.85,-718.95,1164.75,-3678.75,437.25,5832.2,-2423.85,652.05,-741.25,1462.8,-126.6,416.0,-248.4,-53.55,179.56,-615.9,759.15,681.71,-4062.15,-91.35,-4962.21,441.75,-788.4,45.98,0.0,0.0,0.0,,,,,,,,,,,,,0.0,0.0,0.0,,,,,,,,,,,,,0.0,0.0,0.0,0.0,0.0,0.0,0.0,0.0,0.0,0.0,0.0,0.0,0.0,0.0,0.0,0.0,0.0,0.0,0.0,0.0,0.0,0.0,0.0,0.0,0.0,0.0,0.0,0.0,0.0,0.0,0.0,0.0,0.0,0.0,0.0,0.0,0.0,0.0,0.0,0.0,0.0,0.0,0.0,0.0,0.0
15:07:03.363994,-1352.25,12.75,-1755.71,56.85,-4.8,-533.37,252.75,-790.35,-1341.41,1984.35,3984.45,-4797.17,-563.7,216.15,-1046.41,2111.7,-486.75,-133.83,2849.55,-3911.4,-1447.89,3003.45,-719.7,1153.86,-3657.15,466.05,5821.79,-2427.9,655.35,-730.84,1467.75,-120.3,418.18,-240.45,-48.15,179.56,-618.6,753.6,688.73,-4070.1,-88.8,-4964.63,440.25,-783.45,44.04,0.0,0.0,0.0,,,,,,,,,,,,,0.0,0.0,0.0,,,,,,,,,,,,,0.0,0.0,0.0,0.0,0.0,0.0,0.0,0.0,0.0,0.0,0.0,0.0,0.0,0.0,0.0,0.0,0.0,0.0,0.0,0.0,0.0,0.0,0.0,0.0,0.0,0.0,0.0,0.0,0.0,0.0,0.0,0.0,0.0,0.0,0.0,0.0,0.0,0.0,-1345.76,,,,0.0,0.0,0.0
15:07:03.609043,-1352.55,13.2,-1758.61,56.4,-1.95,-536.27,249.3,-790.8,-1345.76,1996.95,3978.9,-4807.33,-568.5,218.4,-1044.71,2113.35,-488.25,-145.44,2865.9,-3945.75,-1430.7,3003.6,-719.1,1153.61,-3678.15,454.05,5838.98,-2430.3,650.7,-732.53,1462.65,-127.5,420.35,-238.8,-57.6,181.74,-619.05,756.45,682.68,-4072.35,-90.9,-4967.29,442.5,-786.0,48.64,0.0,0.0,0.0,,,,,,,,,,,,,0.0,0.0,0.0,,,,,,,,,,,,,0.0,0.0,0.0,0.0,0.0,0.0,0.0,0.0,0.0,0.0,0.0,0.0,0.0,0.0,0.0,0.0,0.0,0.0,0.0,0.0,0.0,0.0,0.0,0.0,0.0,0.0,0.0,0.0,0.0,0.0,0.0,0.0,0.0,0.0,0.0,0.0,0.0,0.0,0.0,0.0,0.0,0.0,0.0,0.0,0.0
15:07:03.853880,-1353.75,12.0,-1751.35,55.5,-4.05,-536.27,245.85,-787.95,-1342.86,2000.55,3964.5,-4810.72,-566.7,214.95,-1047.38,2118.0,-485.55,-149.56,2869.65,-3947.85,-1413.28,3000.0,-723.6,1153.13,-3681.9,457.5,5807.52,-2428.8,652.2,-740.52,1459.35,-119.7,411.88,-242.55,-48.75,175.69,-618.3,759.15,698.17,-4068.0,-99.9,-4970.2,434.85,-788.25,43.8,0.0,0.0,0.0,,,,,,,,,,,,,0.0,0.0,0.0,,,,,,,,,,,,,0.0,0.0,0.0,0.0,0.0,0.0,0.0,0.0,0.0,0.0,0.0,0.0,0.0,0.0,0.0,0.0,0.0,0.0,0.0,0.0,0.0,0.0,0.0,0.0,0.0,0.0,0.0,0.0,0.0,0.0,0.0,0.0,0.0,0.0,0.0,0.0,0.0,0.0,0.0,0.0,0.0,0.0,0.0,0.0,0.0
15:07:04.099241,-1353.75,8.4,-1750.14,49.2,-7.65,-533.13,252.15,-787.95,-1340.2,1993.05,3973.5,-4804.91,-568.35,217.95,-1039.87,2117.25,-487.95,-142.78,2865.45,-3949.65,-1413.04,2998.95,-722.7,1154.58,-3677.1,450.45,5818.16,-2423.85,655.5,-727.94,1467.3,-124.05,425.68,-241.05,-53.7,172.79,-615.75,756.75,689.22,-4065.75,-95.1,-4965.11,443.7,-788.25,47.92,0.0,0.0,0.0,,,,,,,,,,,,,0.0,0.0,0.0,,,,,,,,,,,,,0.0,0.0,0.0,0.0,0.0,0.0,0.0,0.0,0.0,0.0,0.0,0.0,0.0,0.0,0.0,0.0,0.0,0.0,0.0,0.0,0.0,0.0,0.0,0.0,0.0,0.0,0.0,0.0,0.0,0.0,0.0,0.0,0.0,0.0,0.0,0.0,0.0,0.0,0.0,0.0,0.0,0.0,0.0,0.0,0.0
15:07:04.348757,-1353.9,16.5,-1754.02,56.55,-3.6,-542.56,255.75,-787.35,-1353.75,1997.4,3973.65,-4812.17,-561.9,213.3,-1053.18,2124.9,-485.7,-145.68,2859.9,-3956.1,-1416.67,3001.95,-726.0,1152.4,-3678.9,456.3,5837.77,-2427.3,654.75,-731.08,1466.1,-123.75,416.72,-244.35,-49.35,187.07,-614.1,755.7,700.59,-4065.3,-95.4,-4966.08,438.0,-782.25,45.25,0.0,0.0,0.0,,,,,,,,,,,,,0.0,0.0,0.0,,,,,,,,,,,,,0.0,0.0,0.0,0.0,0.0,0.0,0.0,0.0,0.0,0.0,0.0,0.0,0.0,0.0,0.0,0.0,0.0,0.0,0.0,0.0,0.0,0.0,0.0,0.0,0.0,0.0,0.0,0.0,0.0,0.0,0.0,0.0,0.0,0.0,0.0,0.0,0.0,0.0,0.0,0.0,0.0,0.0,0.0,0.0,0.0
15:07:04.600999,-1350.45,14.55,-1748.69,53.85,0.3,-539.18,248.1,-793.65,-1349.63,1995.0,3963.3,-4809.02,-571.5,219.3,-1053.91,2122.05,-483.6,-138.91,2864.55,-3957.15,-1421.75,3008.1,-720.3,1160.15,-3682.2,455.25,5858.09,-2428.8,657.15,-730.36,1460.25,-121.8,428.34,-238.05,-51.6,177.63,-623.1,757.95,682.44,-4071.9,-90.45,-4978.18,438.6,-783.9,45.01,0.0,0.0,0.0,,,,,,,,,,,,,0.0,0.0,0.0,,,,,,,,,,,,,0.0,0.0,0.0,0.0,0.0,0.0,0.0,0.0,0.0,0.0,0.0,0.0,0.0,0.0,0.0,0.0,0.0,0.0,0.0,0.0,0.0,0.0,0.0,0.0,0.0,0.0,0.0,0.0,0.0,0.0,0.0,0.0,0.0,0.0,0.0,0.0,0.0,0.0,0.0,0.0,0.0,0.0,0.0,0.0,0.0
15:07:04.852656,,,,51.9,-6.75,-532.4,244.8,-787.65,-1351.09,1992.45,3982.5,-4804.43,-566.55,217.05,-1044.71,2117.55,-488.4,-137.94,2861.7,-3958.95,-1408.2,3004.95,-722.4,1157.0,-3684.75,458.85,5823.25,-2430.0,651.0,-734.23,1459.65,-123.45,424.23,-248.85,-54.45,179.08,-616.05,756.3,685.59,-4069.65,-86.85,-4970.2,444.75,-787.8,41.38,0.0,0.0,0.0,,,,,,,,,,,,,0.0,0.0,0.0,,,,,,,,,,,,,0.0,0.0,0.0,0.0,0.0,0.0,0.0,0.0,0.0,0.0,0.0,0.0,0.0,0.0,0.0,0.0,0.0,0.0,0.0,0.0,0.0,0.0,0.0,0.0,0.0,0.0,0.0,0.0,0.0,0.0,0.0,0.0,0.0,0.0,0.0,0.0,0.0,0.0,0.0,0.0,0.0,0.0,0.0,0.0,0.0
15:07:05.102680,-1350.3,9.15,-1748.45,59.85,-2.55,-539.9,248.55,-793.65,-1341.89,1993.65,3968.1,-4801.76,-575.25,220.5,-1042.78,2121.3,-481.65,-145.93,2868.75,-3954.75,-1415.94,2999.25,-726.45,1148.53,-3683.85,454.05,5830.75,-2429.25,656.7,-726.73,1463.85,-125.85,423.74,-244.5,-53.1,180.53,-618.0,758.1,690.18,-4070.7,-93.0,-4969.95,443.85,-788.25,42.83,0.0,0.0,0.0,,,,,,,,,,,,,0.0,0.0,0.0,,,,,,,,,,,,,0.0,0.0,0.0,0.0,0.0,0.0,0.0,0.0,0.0,0.0,0.0,0.0,0.0,0.0,0.0,0.0,0.0,0.0,0.0,0.0,0.0,0.0,0.0,0.0,0.0,0.0,0.0,0.0,0.0,0.0,0.0,0.0,0.0,0.0,0.0,0.0,0.0,0.0,0.0,0.0,0.0,0.0,0.0,0.0,0.0
15:07:05.353960,-1350.0,13.5,-1756.44,59.1,-5.55,-538.69,255.0,-788.85,-1342.37,1998.15,3956.7,-4817.49,-570.9,216.75,-1048.34,2115.9,-482.55,-141.33,2861.1,-3959.55,-1418.85,3000.6,-721.5,1156.52,-3682.8,454.2,5808.73,-2429.85,644.1,-741.25,1463.4,-126.75,427.13,-239.55,-53.25,181.98,-614.4,756.9,684.13,-4069.95,-99.45,-4971.16,440.1,-782.4,42.35,0.0,0.0,0.0,,,,,,,,,,,,,0.0,0.0,0.0,,,,,,,,,,,,,0.0,0.0,0.0,0.0,0.0,0.0,0.0,0.0,0.0,0.0,0.0,0.0,0.0,0.0,0.0,0.0,0.0,0.0,0.0,0.0,0.0,0.0,0.0,0.0,0.0,0.0,0.0,0.0,0.0,0.0,0.0,0.0,0.0,0.0,0.0,0.0,0.0,0.0,0.0,0.0,0.0,0.0,0.0,0.0,0.0
15:07:05.603660,-1349.1,17.85,-1753.05,53.55,-6.9,-528.53,254.55,-795.0,-1350.84,1997.55,3973.8,-4803.94,-567.45,220.8,-1040.84,2124.45,-484.95,-153.43,2866.05,-3963.0,-1416.43,3006.45,-719.1,1152.4,-3683.85,454.05,5834.38,-2429.55,647.1,-735.68,1459.2,-128.55,421.81,-242.85,-54.6,187.31,-619.5,759.3,697.2,-4073.25,-98.25,-4978.18,441.3,-785.85,47.43,0.0,0.0,0.0,,,,,,,,,,,,,0.0,0.0,0.0,,,,,,,,,,,,,0.0,0.0,0.0,0.0,0.0,0.0,0.0,0.0,0.0,0.0,0.0,0.0,0.0,0.0,0.0,0.0,0.0,0.0,0.0,0.0,0.0,0.0,0.0,0.0,0.0,0.0,0.0,0.0,0.0,0.0,0.0,0.0,0.0,0.0,0.0,0.0,0.0,0.0,0.0,0.0,0.0,0.0,0.0,0.0,0.0
15:07:05.844857,-1351.8,8.1,-1750.63,54.0,-3.6,-536.51,246.6,-792.3,-1352.05,1992.45,3978.75,-4808.06,-572.4,216.0,-1050.28,2120.7,-490.65,-152.22,2865.0,-3957.3,-1424.65,3003.75,-725.85,1157.49,-3684.3,451.65,5845.99,-2425.65,652.8,-734.71,1454.1,-126.3,421.81,-242.85,-54.9,178.84,-618.0,759.3,694.06,-4070.1,-95.4,-4967.53,445.5,-787.35,50.58,0.0,0.0,0.0,,,,,,,,,,,,,0.0,0.0,0.0,,,,,,,,,,,,,0.0,0.0,0.0,0.0,0.0,0.0,0.0,0.0,0.0,0.0,0.0,0.0,0.0,0.0,0.0,0.0,0.0,0.0,0.0,0.0,0.0,0.0,0.0,0.0,0.0,0.0,0.0,0.0,0.0,0.0,0.0,0.0,0.0,0.0,0.0,0.0,0.0,0.0,,,,,,,
15:07:06.080079,,,,,,,,,,,,,,,,,,,,,,,,,,,,,,,,,,,,,,,,,,,,,,,,,,,,,,,,,,,,,,,,,,,,,,,,,,,,,,,,,,,,,,,,,,,,,,,,,,,,,,,,,,,,,,,,,,,,,,0.0,0.0,0.0
15:07:06.321632,-1359.75,13.5,-1755.23,51.6,-1.2,-542.56,256.35,-791.4,-1338.99,1996.2,3972.9,-4816.04,-565.5,212.7,-1044.71,2122.8,-487.65,-153.43,2866.8,-3963.15,-1414.25,3002.55,-729.0,1157.97,-3681.3,460.35,5813.08,-2428.65,659.55,-734.47,1461.15,-127.8,420.6,-243.0,-55.5,174.72,-615.9,759.45,685.83,-4068.15,-95.4,-4970.68,439.8,-790.05,45.98,0.0,0.0,0.0,,,,,,,,,,,,,0.0,0.0,0.0,,,,,,,,,,,,,0.0,0.0,0.0,0.0,0.0,0.0,0.0,0.0,0.0,0.0,0.0,0.0,0.0,0.0,0.0,0.0,0.0,0.0,0.0,0.0,0.0,0.0,0.0,0.0,0.0,0.0,0.0,0.0,0.0,0.0,0.0,0.0,0.0,0.0,0.0,0.0,0.0,0.0,0.0,0.0,0.0,0.0,0.0,0.0,0.0
15:07:06.568221,-1347.15,8.7,-1754.5,51.75,-3.45,-533.61,253.35,-786.15,-1348.67,1998.6,3988.65,-4813.86,-566.7,222.45,-1042.78,2120.55,-491.1,-142.78,2873.1,-3958.95,-1409.17,3007.8,-727.05,1153.13,-3684.9,454.05,5821.79,-2421.45,651.0,-734.71,1461.6,-125.7,423.26,-244.8,-50.4,180.53,-617.1,756.3,685.59,-4067.7,-97.35,-4971.65,443.55,-783.15,45.01,0.0,0.0,0.0,,,,,,,,,,,,,0.0,0.0,0.0,,,,,,,,,,,,,0.0,0.0,0.0,0.0,0.0,0.0,0.0,0.0,0.0,0.0,0.0,0.0,0.0,0.0,0.0,0.0,0.0,0.0,0.0,0.0,0.0,0.0,0.0,0.0,0.0,0.0,0.0,0.0,0.0,0.0,0.0,0.0,0.0,0.0,0.0,0.0,0.0,0.0,0.0,0.0,0.0,0.0,0.0,0.0,0.0
15:07:06.815298,-1353.45,15.3,-1748.69,58.05,-6.15,-538.69,248.25,-794.25,-1344.79,1990.5,3978.3,-4812.17,-572.4,213.0,-1040.36,2125.2,-485.4,-148.1,2864.85,-3965.4,-1412.8,3002.7,-725.4,1157.49,-3684.15,455.55,5852.04,-2427.3,654.15,-730.11,1461.15,-122.1,429.79,-248.7,-49.95,180.77,-621.15,762.0,689.22,-4061.1,-94.2,-4970.44,441.9,-780.9,44.77,0.0,0.0,0.0,,,,,,,,,,,,,0.0,0.0,0.0,,,,,,,,,,,,,0.0,0.0,0.0,0.0,0.0,0.0,0.0,0.0,0.0,0.0,0.0,0.0,0.0,0.0,0.0,0.0,0.0,0.0,0.0,0.0,0.0,0.0,0.0,0.0,0.0,0.0,0.0,0.0,0.0,0.0,0.0,0.0,,,,,0.0,0.0,0.0,0.0,0.0,0.0,0.0,0.0,0.0
15:07:07.058264,-1353.3,11.4,-175.0,,,,,,,,,,,,,,,,,,,,,,,,,,,,,,,,,,,,,,,,434.85,-788.25,40.66,0.0,0.0,0.0,,,,,,,,,,,,,0.0,0.0,0.0,,,,,,,,,,,,,0.0,0.0,0.0,0.0,0.0,0.0,0.0,0.0,0.0,0.0,0.0,0.0,0.0,0.0,0.0,0.0,0.0,0.0,0.0,0.0,0.0,0.0,0.0,0.0,0.0,0.0,0.0,0.0,0.0,0.0,0.0,0.0,0.0,0.0,0.0,0.0,0.0,0.0,0.0,0.0,0.0,0.0,0.0,0.0,0.0
15:07:07.305170,-1351.8,14.85,-1748.45,53.25,-4.05,-532.16,250.5,-796.95,-1348.67,1993.05,3967.95,-4812.9,-568.8,220.8,-1051.97,2119.35,-491.25,-149.07,2857.65,-3954.9,-1418.85,3001.5,-720.15,1160.87,-3681.3,453.75,5813.08,-2424.75,651.75,-730.11,1465.2,-122.7,423.98,-244.65,-53.25,184.65,-616.05,758.25,690.18,-4073.4,-88.35,-4959.55,444.9,-783.75,54.69,0.0,0.0,0.0,,,,,,,,,,,,,0.0,0.0,0.0,,,,,,,,,,,,,0.0,0.0,0.0,0.0,0.0,0.0,0.0,0.0,0.0,0.0,0.0,0.0,0.0,0.0,0.0,0.0,0.0,0.0,0.0,0.0,0.0,0.0,0.0,0.0,0.0,0.0,0.0,0.0,0.0,0.0,0.0,0.0,0.0,0.0,0.0,0.0,0.0,0.0,0.0,0.0,0.0,0.0,0.0,0.0,0.0
15:07:07.557357,-1354.65,8.55,-1753.77,54.75,-9.9,-536.76,252.9,-790.95,-1347.21,1995.6,3964.5,-4803.7,-572.1,216.3,-1042.54,2121.15,-486.75,-152.7,2860.5,-3961.35,-1416.91,3005.7,-723.3,1159.66,-3680.85,460.65,5805.1,-2421.45,658.35,-739.79,1461.9,-123.45,422.53,-243.75,-55.65,180.53,-619.8,762.9,690.43,-4068.6,-94.5,-4970.2,440.55,-789.75,42.11,0.0,0.0,0.0,,,,,,,,,,,,,0.0,0.0,0.0,,,,,,,,,,,,,0.0,0.0,0.0,0.0,0.0,0.0,0.0,0.0,0.0,0.0,0.0,0.0,0.0,0.0,0.0,0.0,0.0,0.0,0.0,0.0,0.0,0.0,0.0,0.0,0.0,0.0,0.0,0.0,0.0,0.0,0.0,0.0,0.0,0.0,0.0,0.0,0.0,0.0,0.0,0.0,0.0,0.0,0.0,0.0,0.0
15:07:07.802533,-1347.6,14.7,-1753.05,58.65,-0.3,-527.56,243.0,-790.5,-1340.44,1988.55,3978.9,-4805.64,-572.1,219.75,-1048.1,2114.1,-490.2,-145.44,2862.45,-3961.5,-1408.44,3003.75,-725.55,1155.79,-3687.3,454.8,5799.29,-2427.0,656.7,-733.5,1466.55,-123.75,425.68,-243.6,-51.6,168.19,-615.3,754.5,701.56,-4066.5,-90.75,-4965.6,439.5,-787.65,47.92,0.0,0.0,0.0,,,,,,,,,,,,,0.0,0.0,0.0,,,,,,,,,,,,,0.0,0.0,0.0,0.0,0.0,0.0,0.0,0.0,0.0,0.0,0.0,0.0,0.0,0.0,0.0,0.0,0.0,0.0,0.0,0.0,0.0,0.0,0.0,0.0,0.0,0.0,0.0,0.0,0.0,0.0,0.0,0.0,0.0,0.0,0.0,0.0,0.0,0.0,0.0,0.0,0.0,0.0,0.0,0.0,0.0
15:07:08.048763,-1352.7,16.2,-1763.21,56.1,-11.7,-543.77,247.35,-782.85,-1350.36,1996.65,3976.2,,,,,,,,,,,,,,,,,,,,,,,,,,,,,,,,,,,,,,,,,,,,,,,,,,,,,,,,,,,,,,,,,,,,,,,,,,,,,,,,,,,,,,,,,,,,,,,,,,,,,,,,,,,,,
15:07:08.294232,-1352.4,14.25,-1754.98,50.7,-1.5,-539.66,250.8,-793.5,-1346.97,1993.95,3971.85,-4817.98,-568.5,213.6,-1040.84,2115.3,-493.2,-148.1,2869.5,-3951.0,-1422.72,2994.75,-718.05,1161.84,-3694.8,454.5,5826.63,-2423.1,660.15,-734.47,1463.1,-122.7,427.61,-248.85,-57.15,174.72,-616.5,751.05,688.01,-4072.05,-90.45,-4975.04,440.55,-785.85,46.95,0.0,0.0,0.0,,,,,,,,,,,,,0.0,0.0,0.0,,,,,,,,,,,,,0.0,0.0,0.0,0.0,0.0,0.0,0.0,0.0,0.0,0.0,0.0,0.0,0.0,0.0,0.0,0.0,0.0,0.0,0.0,0.0,0.0,0.0,0.0,0.0,0.0,0.0,0.0,0.0,0.0,0.0,0.0,0.0,0.0,0.0,0.0,0.0,0.0,0.0,0.0,0.0,0.0,0.0,0.0,0.0,0.0
15:07:08.538711,-1352.7,10.05,-1751.11,53.4,-6.6,-530.95,252.0,-792.9,-1350.6,1992.3,3984.9,-4818.22,-576.0,219.9,-1036.73,2107.95,-496.05,-146.89,2870.1,-3939.15,-1403.36,3004.35,-722.4,1154.1,-3698.1,452.55,5803.64,-2423.85,658.8,-743.67,1460.85,-125.25,418.9,-246.75,-53.55,178.35,-618.75,764.25,685.83,-4071.75,-95.7,-4961.73,441.9,-786.0,55.42,0.0,0.0,0.0,,,,,,,,,,,,,0.0,0.0,0.0,,,,,,,,,,,,,0.0,0.0,0.0,0.0,0.0,0.0,0.0,0.0,0.0,0.0,0.0,0.0,0.0,0.0,0.0,0.0,0.0,0.0,0.0,0.0,0.0,0.0,0.0,0.0,0.0,0.0,0.0,0.0,0.0,0.0,0.0,0.0,0.0,0.0,0.0,0.0,0.0,0.0,0.0,0.0,0.0,0.0,0.0,0.0,0.0
15:07:08.783372,-1356.45,15.15,-1749.42,56.1,-4.95,-540.14,246.9,-791.1,-1352.3,1993.95,3980.4,-4815.07,-568.5,214.5,-1051.73,2119.5,-488.1,-154.15,2873.25,-3936.0,-1410.62,2996.55,-714.0,1144.9,-3693.0,453.45,5824.46,-2428.35,656.7,-725.76,1458.45,-121.5,424.71,-241.8,-53.55,182.95,-619.95,757.35,690.67,-4068.6,-93.75,-4979.88,439.5,-783.0,50.58,0.0,0.0,0.0,,,,,,,,,,,,,0.0,0.0,0.0,,,,,,,,,,,,,0.0,0.0,0.0,0.0,0.0,0.0,0.0,0.0,0.0,0.0,0.0,0.0,0.0,0.0,0.0,0.0,0.0,0.0,0.0,0.0,0.0,0.0,0.0,0.0,0.0,0.0,0.0,0.0,0.0,0.0,0.0,0.0,0.0,0.0,0.0,0.0,0.0,0.0,,,,,0.0,0.0,0.0
15:07:09.060069,-1352.4,11.85,-1745.55,46.95,-6.3,-535.06,252.15,-789.9,,,,,,,,,,,,,,,,,,,,,,,,,,,,,,,,,,,,,,0.0,0.0,0.0,,,,,,,,,,,,,0.0,0.0,0.0,,,,,,,,,,,,,0.0,0.0,0.0,0.0,0.0,0.0,0.0,0.0,0.0,0.0,0.0,0.0,0.0,0.0,0.0,0.0,0.0,0.0,0.0,0.0,0.0,0.0,0.0,0.0,0.0,0.0,0.0,0.0,0.0,0.0,0.0,0.0,0.0,0.0,0.0,0.0,0.0,0.0,0.0,0.0,0.0,0.0,0.0,0.0,0.0
15:07:09.311230,-1352.25,10.05,-1748.93,52.2,-9.3,-539.66,247.8,-791.85,-1347.21,1989.75,3985.35,-4823.54,-571.05,214.05,-1039.87,2108.85,-489.6,-154.88,2876.85,-3924.15,-1414.25,2998.35,-717.0,1151.19,-3697.65,438.9,5808.97,-2427.9,651.9,-733.5,1467.9,-128.25,421.56,-243.75,-54.0,178.11,-619.95,756.75,679.78,-4066.95,-91.8,-4978.42,447.9,-788.25,42.59,0.0,0.0,0.0,,,,,,,,,,,,,0.0,0.0,0.0,,,,,,,,,,,,,0.0,0.0,0.0,0.0,0.0,0.0,0.0,0.0,0.0,0.0,0.0,0.0,0.0,0.0,0.0,0.0,0.0,0.0,0.0,0.0,0.0,0.0,0.0,0.0,0.0,0.0,0.0,0.0,0.0,0.0,0.0,0.0,0.0,0.0,0.0,0.0,0.0,0.0,0.0,0.0,0.0,0.0,0.0,0.0,0.0
15:07:09.562206,-1351.65,12.45,-1743.85,59.55,-5.1,-539.66,247.5,-791.25,-1340.92,1990.5,3974.55,-4819.67,-563.1,214.8,-1054.15,2116.95,-490.8,-148.35,2871.15,-3928.35,-1408.44,2998.05,-713.4,1157.97,-3696.15,438.45,5813.81,-2429.55,659.55,-728.9,1464.6,-123.9,427.86,-243.75,-47.7,193.84,-618.3,760.05,691.15,-4070.4,-94.95,-4966.81,440.85,-783.6,43.56,0.0,0.0,0.0,,,,,,,,,,,,,0.0,0.0,0.0,,,,,,,,,,,,,0.0,0.0,0.0,0.0,0.0,0.0,0.0,0.0,0.0,0.0,0.0,0.0,0.0,0.0,0.0,0.0,0.0,0.0,0.0,0.0,0.0,0.0,0.0,0.0,0.0,0.0,0.0,0.0,0.0,0.0,0.0,0.0,0.0,0.0,0.0,0.0,0.0,0.0,0.0,0.0,0.0,0.0,0.0,0.0,0.0
15:07:09.813598,-1350.45,21.3,-1758.37,54.9,-7.35,-537.24,245.55,-790.95,-1343.83,1991.25,3965.1,-4817.25,-571.95,217.35,-1041.33,2113.5,-498.0,-152.46,2878.8,-3928.8,-1414.97,2996.85,-718.8,1163.29,-3690.9,442.35,5816.23,-2424.75,650.85,-737.13,1464.3,-122.4,425.68,-243.6,-56.1,177.39,-614.55,759.45,697.93,-4065.75,-88.05,-4963.9,445.5,-791.1,47.92,0.0,0.0,0.0,,,,,,,,,,,,,0.0,0.0,0.0,,,,,,,,,,,,,0.0,0.0,0.0,0.0,0.0,0.0,0.0,0.0,0.0,0.0,0.0,0.0,0.0,0.0,0.0,0.0,0.0,0.0,0.0,0.0,0.0,0.0,0.0,0.0,0.0,0.0,0.0,0.0,0.0,0.0,0.0,0.0,0.0,0.0,0.0,0.0,0.0,0.0,,,,,0.0,0.0,0.0
15:07:10.064300,-1349.55,12.9,-1752.32,55.95,-8.25,-537.24,249.0,-789.45,,,,,,,,,,,,,,,,,,,5833.89,-2426.25,653.1,-728.18,1464.45,-123.75,425.92,-251.4,-50.7,181.74,-624.45,752.55,689.22,-4069.05,-90.9,-4966.08,440.4,-789.9,45.5,0.0,0.0,0.0,,,,,,,,,,,,,0.0,0.0,0.0,,,,,,,,,,,,,0.0,0.0,0.0,0.0,0.0,0.0,0.0,0.0,0.0,0.0,0.0,0.0,0.0,0.0,0.0,0.0,0.0,0.0,0.0,0.0,0.0,0.0,0.0,0.0,0.0,0.0,0.0,0.0,0.0,0.0,0.0,0.0,0.0,0.0,0.0,0.0,0.0,0.0,0.0,0.0,0.0,0.0,0.0,0.0,0.0
15:07:10.315840,-1357.95,16.05,-1753.77,57.15,-3.0,-537.97,252.45,-792.15,-1343.83,1991.4,3967.35,-4816.28,-575.1,220.8,-1044.71,2115.6,-498.6,-155.36,2876.85,-3926.85,-1412.31,2992.2,-716.25,1154.82,-3694.8,445.65,5835.35,-2428.35,661.2,-738.34,1463.1,-119.55,430.52,-246.6,-53.7,183.68,-615.0,763.8,696.48,-4065.0,-99.3,-4971.89,440.85,-785.4,48.64,0.0,0.0,0.0,,,,,,,,,,,,,0.0,0.0,0.0,,,,,,,,,,,,,0.0,0.0,0.0,0.0,0.0,0.0,0.0,0.0,0.0,0.0,0.0,0.0,0.0,0.0,0.0,0.0,0.0,0.0,0.0,0.0,0.0,0.0,0.0,0.0,0.0,0.0,0.0,0.0,0.0,0.0,0.0,0.0,0.0,0.0,0.0,0.0,0.0,0.0,0.0,0.0,0.0,0.0,0.0,0.0,0.0
15:07:10.568718,-1355.1,18.75,-1748.21,54.45,-8.1,-538.69,243.9,-796.05,-1348.42,1993.5,3975.0,-4812.65,-571.2,212.55,-1048.34,2109.9,-496.35,-145.68,2870.1,-3923.1,-1416.43,3000.3,-713.7,1151.19,-3694.05,444.45,5807.76,-2426.85,663.0,-728.66,1461.9,-120.6,420.11,-244.8,-50.4,183.19,-616.95,760.95,699.62,-4065.0,-96.45,-4967.53,437.55,-782.85,37.99,0.0,0.0,0.0,,,,,,,,,,,,,0.0,0.0,0.0,,,,,,,,,,,,,0.0,0.0,0.0,0.0,0.0,0.0,0.0,0.0,0.0,0.0,0.0,0.0,0.0,0.0,0.0,0.0,0.0,0.0,0.0,0.0,0.0,0.0,0.0,0.0,0.0,0.0,0.0,0.0,0.0,0.0,0.0,0.0,0.0,0.0,0.0,0.0,0.0,0.0,0.0,0.0,0.0,0.0,0.0,0.0,0.0
15:07:10.820856,-1351.35,10.05,-1748.21,56.4,-11.85,-536.27,246.3,-787.2,-1342.37,1989.3,3976.95,-4818.7,-574.8,215.55,-1041.08,2112.3,-491.85,-145.44,2882.7,-3930.3,-1414.49,2996.1,-716.7,1165.96,-3683.4,446.25,5820.83,-2426.7,656.55,-737.86,1462.35,-132.6,418.18,-244.05,-51.15,182.23,-618.15,759.6,686.55,-4062.0,-90.3,-4969.47,438.9,-793.35,46.71,0.0,0.0,0.0,,,,,,,,,,,,,0.0,0.0,0.0,,,,,,,,,,,,,0.0,0.0,0.0,0.0,0.0,0.0,0.0,0.0,0.0,0.0,0.0,0.0,0.0,0.0,0.0,0.0,0.0,0.0,0.0,0.0,0.0,0.0,0.0,0.0,0.0,0.0,0.0,0.0,0.0,0.0,0.0,0.0,0.0,0.0,0.0,0.0,0.0,0.0,0.0,,,,0.0,0.0,0.0
15:07:11.067961,-1352.85,16.2,-1757.65,57.15,-9.15,-543.77,246.6,-790.95,0.0,,,,,,,,,,,,,,,,,,,,,,,,,,,,,,,,,,,,,,,,,,,,,,,,,,,,,,,,,,,,,,,,,,,,,,,,,,,,,,,,,,,,,,,,,,,,,,,,,,,,,,,,,,0.0,0.0,0.0,0.0,0.0,0.0
15:07:11.321930,-1342.95,14.55,-1755.95,53.4,-5.85,-545.23,243.9,-794.1,-1346.49,1996.5,3969.9,-4812.9,-567.15,215.1,-1042.78,2114.55,-495.6,-143.02,2871.75,-3925.2,-1411.34,2997.3,-712.35,1160.63,-3693.45,453.45,5824.46,-2421.0,657.15,-734.95,1460.85,-127.5,420.35,-244.35,-49.2,182.23,-621.3,759.3,691.15,-4070.55,-92.7,-4966.32,435.6,-790.2,50.34,0.0,0.0,0.0,,,,,,,,,,,,,0.0,0.0,0.0,,,,,,,,,,,,,0.0,0.0,0.0,0.0,0.0,0.0,0.0,0.0,0.0,0.0,0.0,0.0,0.0,0.0,0.0,0.0,0.0,0.0,0.0,0.0,0.0,0.0,0.0,0.0,0.0,0.0,0.0,0.0,0.0,0.0,0.0,0.0,0.0,0.0,0.0,0.0,0.0,0.0,0.0,0.0,0.0,0.0,0.0,0.0,0.0
15:07:11.574683,-1351.95,13.05,-1754.5,57.9,-4.5,-528.53,253.05,-794.55,-1351.33,1994.85,3973.05,-4817.01,-571.5,218.1,-1050.04,2113.35,-491.4,-143.75,2874.3,-3927.3,-1413.04,2995.65,-718.05,1158.94,-3691.8,446.4,5807.52,-2426.55,649.5,-737.62,1459.35,-125.1,424.23,-246.0,-56.4,185.86,-626.1,755.7,685.34,-4069.65,-95.55,-4961.97,439.65,-784.8,46.71,0.0,0.0,0.0,,,,,,,,,,,,,0.0,0.0,0.0,,,,,,,,,,,,,0.0,0.0,0.0,0.0,0.0,0.0,0.0,0.0,0.0,0.0,0.0,0.0,0.0,0.0,0.0,0.0,0.0,0.0,0.0,0.0,0.0,0.0,0.0,0.0,0.0,0.0,0.0,0.0,0.0,0.0,0.0,0.0,0.0,0.0,0.0,0.0,0.0,0.0,0.0,0.0,0.0,0.0,0.0,0.0,0.0
15:07:11.825673,-1354.65,15.3,-1753.53,59.55,-3.75,-540.63,246.9,-791.7,-1335.84,1990.65,3974.25,-4827.42,-572.7,214.35,-1052.94,2107.05,-486.75,-146.17,2870.85,-3925.05,-1412.07,3002.7,-713.55,1152.65,-3692.1,446.1,5838.73,-2423.7,656.85,-744.39,1464.6,-123.75,418.18,-247.8,-49.2,181.98,-616.8,765.3,687.76,-4063.8,-90.45,-4965.84,444.3,-784.65,40.17,0.0,0.0,0.0,,,,,,,,,,,,,0.0,0.0,0.0,,,,,,,,,,,,,0.0,0.0,0.0,0.0,0.0,0.0,0.0,0.0,0.0,0.0,0.0,0.0,0.0,0.0,0.0,0.0,0.0,0.0,0.0,0.0,0.0,0.0,0.0,0.0,0.0,0.0,0.0,0.0,0.0,0.0,0.0,0.0,0.0,0.0,0.0,0.0,0.0,0.0,0.0,0.0,0.0,0.0,0.0,0.0,0.0
15:07:12.072034,-1356.0,13.95,-1756.19,57.9,-2.85,-540.39,250.2,-790.5,-1352.54,1996.95,3975.15,,,,,,,,,,,,,,,,,,,,,,,,,,,,,,,,,,,,,,,,,,,,,,,,,,,,,,,,,,,,,,,,,,0.0,0.0,0.0,0.0,0.0,0.0,0.0,0.0,0.0,0.0,0.0,0.0,0.0,0.0,0.0,0.0,0.0,0.0,0.0,0.0,0.0,0.0,0.0,0.0,0.0,0.0,0.0,0.0,0.0,0.0,0.0,0.0,0.0,0.0,0.0,0.0,0.0,0.0,0.0,0.0,0.0,0.0,0.0,0.0
15:07:12.319732,-1351.8,13.65,-1755.23,52.95,-4.35,-541.6,249.0,-793.95,-1348.42,1994.7,3951.15,-4824.03,-570.0,216.3,-1046.41,2112.0,-492.15,-147.62,2870.1,-3922.95,-1414.73,2992.95,-714.45,1155.55,-3697.2,441.9,5833.89,-2426.4,660.9,-725.52,1467.15,-125.1,419.39,-242.55,-52.5,175.45,-617.25,758.4,682.2,-4074.6,-88.95,-4967.05,440.4,-785.4,48.88,0.0,0.0,0.0,,,,,,,,,,,,,0.0,0.0,0.0,,,,,,,,,,,,,0.0,0.0,0.0,0.0,0.0,0.0,0.0,0.0,0.0,0.0,0.0,0.0,0.0,0.0,0.0,0.0,0.0,0.0,0.0,0.0,0.0,0.0,0.0,0.0,0.0,0.0,0.0,0.0,0.0,0.0,0.0,0.0,0.0,0.0,0.0,0.0,0.0,0.0,0.0,0.0,0.0,0.0,0.0,0.0,0.0
15:07:12.563669,-1348.8,13.05,-1750.87,55.95,-2.7,-535.79,248.4,-791.7,-1340.44,1996.65,3977.55,-4830.8,-565.5,220.2,-1037.21,2110.8,-492.75,-144.47,2874.6,-3923.25,-1416.67,3003.75,-716.55,1157.0,-3687.0,447.3,5821.31,-2426.25,653.1,-729.39,1463.4,-124.65,423.98,-252.0,-54.9,179.32,-615.45,763.2,686.8,-4069.5,-91.2,-4977.94,443.7,-792.0,46.22,0.0,0.0,0.0,,,,,,,,,,,,,0.0,0.0,0.0,,,,,,,,,,,,,0.0,0.0,0.0,0.0,0.0,0.0,0.0,0.0,0.0,0.0,0.0,0.0,0.0,0.0,0.0,0.0,0.0,0.0,0.0,0.0,0.0,0.0,0.0,0.0,0.0,0.0,0.0,0.0,0.0,0.0,0.0,0.0,0.0,0.0,0.0,0.0,0.0,0.0,0.0,0.0,0.0,0.0,0.0,0.0,0.0
15:07:12.805725,-1354.35,16.2,-1748.69,49.65,-4.2,-534.82,250.5,-796.35,-1341.65,1989.45,3979.65,-4828.87,-571.5,220.2,-1047.38,2105.85,-486.9,-144.96,2872.35,-3921.75,-1415.94,2995.95,-713.7,1157.0,-3693.15,442.8,5798.08,-2430.6,660.3,-731.32,1465.95,-125.25,427.86,-244.05,-51.15,172.79,-621.0,764.55,680.99,-4067.4,-92.85,-4965.84,440.55,-788.1,44.29,0.0,0.0,0.0,,,,,,,,,,,,,0.0,0.0,0.0,,,,,,,,,,,,,0.0,0.0,0.0,0.0,0.0,0.0,0.0,0.0,0.0,0.0,0.0,0.0,0.0,0.0,0.0,0.0,0.0,0.0,0.0,0.0,0.0,0.0,0.0,0.0,0.0,0.0,0.0,0.0,0.0,0.0,0.0,0.0,0.0,0.0,0.0,0.0,0.0,0.0,,,,,0.0,0.0,0.0
15:07:13.046301,-1354.35,15.0,-1743.37,57.3,-5.55,-538.69,253.65,-793.95,-1346.73,1990.65,3977.85,-4823.54,-567.45,219.75,-1045.44,2111.4,-490.95,-156.57,2870.7,-3925.95,-1415.22,2995.05,-717.75,1154.1,-3692.55,439.95,5819.13,-2427.15,657.15,-734.71,1465.2,-126.75,427.13,-246.9,-51.6,184.16,-619.5,761.55,684.38,-4072.5,-94.65,-4973.34,439.8,-789.45,45.25,0.0,0.0,0.0,,,,,,,,,,,,,0.0,0.0,0.0,,,,,,,,,,,,,0.0,0.0,0.0,0.0,0.0,0.0,0.0,0.0,0.0,0.0,0.0,0.0,0.0,0.0,0.0,0.0,0.0,0.0,0.0,0.0,0.0,0.0,0.0,0.0,0.0,0.0,0.0,0.0,0.0,0.0,0.0,0.0,0.0,0.0,0.0,0.0,0.0,0.0,0.0,0.0,0.0,0.0,0.0,0.0,0.0
15:07:13.287230,-1353.0,12.75,-1754.98,56.1,-5.25,-540.87,248.4,-791.25,-1346.25,1992.6,3977.85,-4817.49,-568.95,214.8,-1044.47,2111.55,-492.45,-140.84,2871.45,-3922.35,-1418.12,2991.6,-718.35,1151.68,-3687.6,448.8,5842.61,-2426.7,657.3,-729.15,1469.25,-129.45,432.45,-239.7,-54.6,183.44,-615.0,758.1,695.51,-4066.35,-93.45,-4968.99,438.75,-786.3,43.56,0.0,0.0,0.0,,,,,,,,,,,,,0.0,0.0,0.0,,,,,,,,,,,,,0.0,0.0,0.0,0.0,0.0,0.0,0.0,0.0,0.0,0.0,0.0,0.0,0.0,0.0,0.0,0.0,0.0,0.0,0.0,0.0,0.0,0.0,0.0,0.0,0.0,0.0,0.0,0.0,0.0,0.0,0.0,0.0,0.0,0.0,0.0,0.0,0.0,0.0,0.0,0.0,0.0,0.0,0.0,0.0,0.0
15:07:13.527358,-1351.65,17.55,-1745.06,51.9,-7.2,-541.84,248.85,-790.95,-1344.55,1993.35,3970.35,-4826.69,-566.25,216.45,-1052.7,2106.6,-496.65,-153.91,2874.75,-3916.5,-1419.09,3002.85,-716.55,1156.03,-3690.15,438.9,5830.26,-2425.95,655.8,-738.34,1462.95,-126.75,421.56,-236.55,-49.2,177.39,-614.25,763.2,690.91,-4069.8,-90.3,-4967.53,440.4,-787.05,53.0,0.0,0.0,0.0,,,,,,,,,,,,,0.0,0.0,0.0,,,,,,,,,,,,,0.0,0.0,0.0,0.0,0.0,0.0,0.0,0.0,0.0,0.0,0.0,0.0,0.0,0.0,0.0,0.0,0.0,0.0,0.0,0.0,0.0,0.0,0.0,0.0,0.0,0.0,0.0,0.0,0.0,0.0,0.0,0.0,0.0,0.0,0.0,0.0,0.0,0.0,0.0,0.0,0.0,0.0,0.0,0.0,0.0
15:07:13.773752,-1347.9,13.8,-1749.9,59.85,-6.9,-540.39,246.0,-787.35,-1344.79,1991.85,3976.35,-4830.32,-572.55,222.3,-1043.75,2114.7,-493.5,-145.93,2870.7,-3918.3,-1417.15,2995.2,-713.4,1155.31,-3685.5,445.35,5822.76,-2429.4,657.15,-736.89,1460.4,-125.85,429.31,-242.1,-52.65,184.65,-616.2,754.5,686.07,-4067.1,-93.6,-4967.53,440.85,-786.75,45.25,0.0,0.0,0.0,,,,,,,,,,,,,0.0,0.0,0.0,,,,,,,,,,,,,0.0,0.0,0.0,0.0,0.0,0.0,0.0,0.0,0.0,0.0,0.0,0.0,0.0,0.0,0.0,0.0,0.0,0.0,0.0,0.0,0.0,0.0,0.0,0.0,0.0,0.0,0.0,0.0,0.0,0.0,0.0,0.0,0.0,0.0,0.0,0.0,0.0,0.0,0.0,0.0,0.0,0.0,0.0,0.0,0.0
15:07:14.019136,-1353.6,12.3,-1760.07,50.7,-5.55,-537.97,250.05,-799.2,-1336.81,1988.7,3985.05,-4819.43,-564.9,215.55,-1047.13,2116.05,-493.05,-149.07,2865.15,-3921.75,-1418.36,2991.3,-709.65,1151.92,-3692.4,439.35,5837.28,-2433.15,661.5,-732.78,1460.85,-121.35,423.98,-249.9,-55.05,174.24,-621.15,754.05,690.91,-4068.6,-90.45,-4964.15,441.9,-783.15,39.2,0.0,0.0,0.0,,,,,,,,,,,,,0.0,0.0,0.0,,,,,,,,,,,,,0.0,0.0,0.0,0.0,0.0,0.0,0.0,0.0,0.0,0.0,0.0,0.0,0.0,0.0,0.0,0.0,0.0,0.0,0.0,0.0,0.0,0.0,0.0,0.0,0.0,0.0,0.0,0.0,0.0,0.0,0.0,0.0,0.0,0.0,0.0,0.0,0.0,0.0,,,,,0.0,0.0,0.0
15:07:14.258697,-1351.8,13.05,-1751.84,56.25,-7.65,-539.66,248.85,-789.3,,,,,,,,,,,,,,,,,,,,,,,,,,,,,,,,,,,,,,,,,,,,,,,,,,,,,,,,,,,,,,,,,,,,,,,,,,,,,,,,,,,,,,,,,,,,,,,,,,,,,0.0,0.0,0.0,0.0,0.0,0.0,0.0,0.0,0.0,0.0,0.0,0.0
15:07:14.504719,-1348.35,19.5,-1754.98,57.45,-9.3,-540.87,246.9,-794.7,-1342.13,1993.05,3975.75,-4827.66,-568.8,219.75,-1039.15,2114.25,-487.05,-151.98,2865.0,-3912.15,-1413.28,2994.0,-715.2,1150.95,-3685.35,443.85,5839.22,-2423.7,653.55,-733.26,1459.95,-125.4,422.29,-244.35,-44.55,184.16,-615.75,758.1,692.85,-4068.45,-93.6,-4967.53,444.15,-786.45,43.8,0.0,0.0,0.0,,,,,,,,,,,,,0.0,0.0,0.0,,,,,,,,,,,,,0.0,0.0,0.0,0.0,0.0,0.0,0.0,0.0,0.0,0.0,0.0,0.0,0.0,0.0,0.0,0.0,0.0,0.0,0.0,0.0,0.0,0.0,0.0,0.0,0.0,0.0,0.0,0.0,0.0,0.0,0.0,0.0,0.0,0.0,0.0,0.0,0.0,0.0,0.0,0.0,0.0,0.0,0.0,0.0,0.0
15:07:14.749865,-1349.7,9.0,-1753.05,55.2,-2.85,-538.93,248.25,-790.35,-1341.41,1989.9,3970.2,-4817.01,-575.55,212.55,-1052.94,2108.25,-495.45,-142.78,2863.05,-3914.1,-1424.65,2993.1,-720.9,1157.0,-3692.1,449.25,5803.4,-2425.5,658.65,-736.89,1460.85,-121.8,420.11,-249.0,-50.25,187.79,-618.0,754.2,690.43,-4069.65,-91.8,-4966.08,439.2,-787.2,47.43,0.0,0.0,0.0,,,,,,,,,,,,,0.0,0.0,0.0,,,,,,,,,,,,,0.0,0.0,0.0,0.0,0.0,0.0,0.0,0.0,0.0,0.0,0.0,0.0,0.0,0.0,0.0,0.0,0.0,0.0,0.0,0.0,0.0,0.0,0.0,0.0,0.0,0.0,0.0,0.0,0.0,0.0,0.0,0.0,0.0,0.0,0.0,0.0,0.0,0.0,0.0,0.0,0.0,0.0,0.0,0.0,0.0
15:07:14.995114,-1348.05,12.3,-1754.02,55.5,-4.5,-533.13,244.65,-789.3,-1338.74,1986.75,3978.9,-4824.03,-571.65,218.7,-1038.66,2112.3,-496.65,-145.2,2867.85,-3916.05,-1427.32,2994.3,-710.25,1161.36,-3682.8,445.8,5830.75,-2428.8,661.65,-735.68,1462.65,-128.25,422.29,-242.7,-47.85,186.82,-617.25,755.7,684.86,-4058.85,-88.05,-4963.66,441.45,-782.4,42.35,0.0,0.0,0.0,,,,,,,,,,,,,0.0,0.0,0.0,,,,,,,,,,,,,0.0,0.0,0.0,0.0,0.0,0.0,0.0,0.0,0.0,0.0,0.0,0.0,0.0,0.0,0.0,0.0,0.0,0.0,0.0,0.0,0.0,0.0,0.0,0.0,0.0,0.0,0.0,0.0,0.0,0.0,0.0,0.0,0.0,0.0,0.0,0.0,0.0,0.0,0.0,0.0,0.0,0.0,0.0,0.0,0.0
15:07:15.239723,-1352.4,15.0,-1753.29,53.7,-6.0,-538.93,248.85,-791.4,-1354.47,1994.7,3975.9,,,,,,,,,,,,,,,,,,,,,-125.7,416.97,-243.75,-49.2,177.39,-615.15,756.45,698.17,-4064.4,-88.35,-4974.31,437.1,-786.6,41.38,0.0,0.0,0.0,,,,,,,,,,,,,0.0,0.0,0.0,,,,,,,,,,,,,0.0,0.0,0.0,0.0,0.0,0.0,0.0,0.0,0.0,0.0,0.0,0.0,0.0,0.0,0.0,0.0,0.0,0.0,0.0,0.0,0.0,0.0,0.0,0.0,0.0,0.0,0.0,0.0,0.0,0.0,0.0,0.0,0.0,0.0,0.0,0.0,0.0,0.0,0.0,0.0,0.0,0.0,0.0,0.0,0.0
15:07:15.485215,-1348.8,11.1,-1755.95,54.9,-12.9,-535.55,246.75,-796.8,-1343.83,1992.75,3975.0,-4819.19,-570.9,215.7,-1045.44,2110.5,-490.35,-150.04,2868.3,-3915.9,-1415.7,2998.8,-716.4,1157.24,-3691.8,439.2,5818.41,-2430.6,658.35,-743.18,1464.15,-131.1,417.45,-244.8,-51.3,187.07,-616.05,754.95,693.81,-4066.5,-91.5,-4975.76,439.05,-783.45,45.01,0.0,0.0,0.0,,,,,,,,,,,,,0.0,0.0,0.0,,,,,,,,,,,,,0.0,0.0,0.0,0.0,0.0,0.0,0.0,0.0,0.0,0.0,0.0,0.0,0.0,0.0,0.0,0.0,0.0,0.0,0.0,0.0,0.0,0.0,0.0,0.0,0.0,0.0,0.0,0.0,0.0,0.0,0.0,0.0,0.0,0.0,0.0,0.0,0.0,0.0,0.0,0.0,0.0,0.0,0.0,0.0,0.0
15:07:15.730340,-1354.2,8.55,-1755.47,54.45,-9.9,-536.76,246.6,-785.7,-1348.42,1989.75,3969.15,-4829.35,-566.1,216.0,-1042.54,2119.65,-490.2,-148.83,2866.35,-3915.75,-1414.25,2998.35,-717.3,1160.87,-3694.5,443.7,5828.33,-2423.4,655.05,-732.29,1462.95,-126.75,425.68,-247.5,-51.3,177.14,-622.5,753.9,697.44,-4065.3,-90.6,-4970.44,436.05,-785.4,40.41,0.0,0.0,0.0,,,,,,,,,,,,,0.0,0.0,0.0,,,,,,,,,,,,,0.0,0.0,0.0,0.0,0.0,0.0,0.0,0.0,0.0,0.0,0.0,0.0,0.0,0.0,0.0,0.0,0.0,0.0,0.0,0.0,0.0,0.0,0.0,0.0,0.0,0.0,0.0,0.0,0.0,0.0,0.0,0.0,0.0,0.0,0.0,0.0,0.0,0.0,0.0,0.0,0.0,0.0,0.0,0.0,0.0
15:07:15.976081,-1347.9,15.6,-1750.63,54.15,-10.65,-527.56,248.85,-792.15,-1348.42,1989.9,3968.25,-4813.38,-565.05,217.05,-1043.75,2113.35,-489.6,-139.63,2871.45,-3909.75,-1407.47,2997.15,-719.7,1149.98,-3687.3,444.0,5825.42,-2428.35,652.2,-744.15,1460.85,-128.55,410.92,-243.9,-56.1,180.53,-621.6,755.55,691.39,-4073.7,-81.75,-4960.52,441.45,-785.85,45.5,0.0,0.0,0.0,,,,,,,,,,,,,0.0,0.0,0.0,,,,,,,,,,,,,0.0,0.0,0.0,0.0,0.0,0.0,0.0,0.0,0.0,0.0,0.0,0.0,0.0,0.0,0.0,0.0,0.0,0.0,0.0,0.0,0.0,0.0,0.0,0.0,0.0,0.0,0.0,0.0,0.0,0.0,0.0,0.0,0.0,0.0,0.0,0.0,0.0,0.0,,,,,0.0,0.0,0.0
15:07:16.215992,-1351.95,10.35,-1759.82,53.55,-9.75,-546.19,254.4,-795.45,,,,,,,,,,,,,,,,,,,,,,,,,,,,,,,,,,,,,,,,,,,,,,,,,,,,,,,,,,,,,,,,,,,,,,,,,,,,,,,,,,,,,,,,,,,,,,,,,0.0,0.0,0.0,0.0,0.0,0.0,0.0,0.0,0.0,0.0,0.0,0.0,0.0,0.0,0.0,0.0
15:07:16.462467,-1354.2,19.8,-1747.0,51.9,-2.85,-534.82,246.9,-791.55,-1340.2,1986.0,3976.65,-4823.06,-570.75,208.8,-1050.28,2112.0,-490.65,-143.75,2861.25,-3910.65,-1414.25,2992.2,-717.15,1161.36,-3693.3,445.65,5839.22,-2429.55,656.25,-732.29,1462.2,-123.0,431.49,-240.75,-57.15,180.05,-611.4,751.5,686.55,-4068.6,-86.55,-4961.73,437.25,-784.05,53.24,0.0,0.0,0.0,,,,,,,,,,,,,0.0,0.0,0.0,,,,,,,,,,,,,0.0,0.0,0.0,0.0,0.0,0.0,0.0,0.0,0.0,0.0,0.0,0.0,0.0,0.0,0.0,0.0,0.0,0.0,0.0,0.0,0.0,0.0,0.0,0.0,0.0,0.0,0.0,0.0,0.0,0.0,0.0,0.0,0.0,0.0,0.0,0.0,0.0,0.0,0.0,0.0,0.0,0.0,0.0,0.0,0.0
15:07:16.707859,-1349.25,11.85,-1752.81,49.8,-4.5,-533.13,251.85,-792.75,-1343.58,1991.1,3967.65,-4832.26,-569.55,212.55,-1037.45,2105.1,-487.8,-139.88,2864.7,-3916.05,-1418.12,2992.2,-717.75,1147.81,-3692.85,448.5,5823.97,-2428.2,655.65,-747.3,1461.3,-123.75,412.85,-246.6,-51.3,179.81,-618.0,759.3,696.23,-4070.85,-89.4,-4968.99,436.2,-788.85,46.22,0.0,0.0,0.0,,,,,,,,,,,,,0.0,0.0,0.0,,,,,,,,,,,,,0.0,0.0,0.0,0.0,0.0,0.0,0.0,0.0,0.0,0.0,0.0,0.0,0.0,0.0,0.0,0.0,0.0,0.0,0.0,0.0,0.0,0.0,0.0,0.0,0.0,0.0,0.0,0.0,0.0,0.0,0.0,0.0,0.0,0.0,0.0,0.0,0.0,0.0,0.0,0.0,0.0,0.0,0.0,0.0,0.0
15:07:16.952797,-1349.1,19.05,-1744.82,54.0,-6.75,-537.97,250.65,-794.55,-1343.1,1996.65,3985.8,-4818.95,-565.95,212.25,-1050.52,2109.0,-492.15,-138.67,2869.35,-3912.9,-1416.91,2996.25,-724.35,1149.26,-3687.6,444.6,5801.95,-2430.0,659.1,-730.6,1461.45,-123.6,423.5,-243.0,-51.45,178.6,-618.75,756.45,691.64,-4063.65,-89.25,-4967.05,443.25,-785.85,46.22,0.0,0.0,0.0,,,,,,,,,,,,,0.0,0.0,0.0,,,,,,,,,,,,,0.0,0.0,0.0,0.0,0.0,0.0,0.0,0.0,0.0,0.0,0.0,0.0,0.0,0.0,0.0,0.0,0.0,0.0,0.0,0.0,0.0,0.0,0.0,0.0,0.0,0.0,0.0,0.0,0.0,0.0,0.0,0.0,0.0,0.0,0.0,0.0,0.0,0.0,,,,,,,
15:07:17.408081,,,,,,,,,,,,,,,,,,,,,,,,,,,,,,,,,,,,,,,,,,,,,,,,,,,,,,,,,,,,,,,,,,,,,,,,,,,,,,,,,,,,,,,,,,,,,,,,,,,,,,,,,,,,,,,,,,,,,,0.0,0.0,0.0
15:07:17.641818,-1351.35,14.55,-1755.95,57.9,-6.75,-542.32,246.45,-790.95,,,,,,,,,,,,,,,,,,,,,,,,,,,,,,,,,,,,,,,,,,,,,,,,,,,,,,,,,,,,,,,,,,,,,,,,,,,,,,,,,,,,,,,,,,,,,,,,,,,,,,,,,,,,,,,,
15:07:42.098395,,,,,,,,,,,,,,,,,,,,,,,,,,,,,,,,,,,,,,,,,,,,,,,,,,,,,,,,,,,,,,,,,,,,,,,,,,,,,,,,,,,,,0.0,,,,,,,,,,,,,,,,,,,,,,,,,,,,,,,,,,,
15:07:43.039075,,,,,,,,,,,,,,,,,,,,,,,,,,,,,,,,,,,,,,,,,,,,,,,,,,,,,,,,,,,,,,,,,,,,,,,,,,,,,,,,,,,,,0.0,0.0,0.0,0.0,0.0,0.0,0.0,0.0,0.0,0.0,0.0,0.0,0.0,0.0,0.0,0.0,0.0,0.0,0.0,0.0,0.0,0.0,0.0,0.0,0.0,0.0,0.0,0.0,0.0,0.0,0.0,0.0,0.0,0.0,0.0,0.0
15:07:43.287976,-1349.4,14.55,-1752.81,56.85,-1.8,-532.88,252.15,-786.15,-1349.63,1995.3,3984.0,-4829.59,-569.55,213.3,-1043.75,2118.45,-489.75,-145.2,2845.8,-3932.4,-1406.02,2997.9,-712.95,1150.47,-3700.35,456.75,5824.7,-2425.8,652.35,-740.04,1463.85,-121.5,425.92,-241.65,-49.95,175.21,-612.15,751.8,681.23,-4065.3,-82.5,-4958.82,444.45,-786.9,44.29,-4284.6,4306.95,-6870.86,,,,,,,,,,,,,0.0,0.0,0.0,,,,,,,,,,,,,0.0,0.0,0.0,0.0,0.0,0.0,0.0,0.0,0.0,0.0,0.0,0.0,0.0,0.0,0.0,0.0,0.0,0.0,0.0,0.0,0.0,0.0,0.0,0.0,0.0,0.0,0.0,0.0,0.0,0.0,0.0,0.0,0.0,0.0,0.0,0.0,0.0,0.0,0.0,0.0,0.0,0.0,0.0,0.0,0.0
15:07:43.542421,-1354.05,12.15,-1749.18,57.15,-8.1,-544.26,250.5,-787.95,-1346.73,1995.0,3998.25,-4830.56,-568.2,212.85,-1043.75,2114.4,-497.25,-139.15,2853.9,-3924.9,-1404.33,3004.05,-728.1,1151.19,-3696.75,460.95,5805.1,-2427.9,657.6,-728.18,1464.0,-126.0,413.34,-247.95,-54.75,178.11,-618.45,757.8,688.73,-4058.25,-79.05,-4967.53,439.65,-781.2,42.59,-4283.4,4304.7,-6869.9,,,,,,,,,,,,,0.0,0.0,0.0,,,,,,,,,,,,,0.0,0.0,0.0,0.0,0.0,0.0,0.0,0.0,0.0,0.0,0.0,0.0,0.0,0.0,0.0,0.0,0.0,0.0,0.0,0.0,0.0,0.0,0.0,0.0,0.0,0.0,0.0,0.0,0.0,0.0,0.0,0.0,0.0,0.0,0.0,0.0,0.0,0.0,0.0,0.0,0.0,0.0,0.0,0.0,0.0
15:07:43.852592,-1354.2,9.75,-1743.37,57.9,-1.2,-536.27,248.7,-785.85,-1341.65,1990.8,4001.4,-4836.61,-565.8,212.85,-1046.17,2127.3,-491.4,-142.54,2855.25,-3928.65,-1413.28,3000.3,-719.1,1142.24,-3701.85,451.35,5820.58,-2431.8,653.1,-733.02,1463.55,-123.6,415.27,,,,,0.0,699.14,-4062.75,-80.4,-4967.53,444.0,-784.8,44.77,-4284.15,4311.0,2.0,,,,,,,,,,,,,,,,,,,,,,,,,,,,,,,,,,0.0,,0.0,0.0,0.0,0.0,0.0,0.0,0.0,0.0,0.0,0.0,0.0,0.0,0.0,0.0,0.0,0.0,0.0,0.0,0.0,0.0,0.0,0.0,0.0,0.0,0.0,0.0,0.0,0.0,0.0,0.0,0.0,0.0,0.0,0.0,0.0,0.0,0.0
15:07:44.126443,-1354.8,12.3,-1745.55,46.65,-6.9,-534.58,250.95,-791.4,-1344.79,1991.55,4005.15,-4834.19,-568.8,218.55,-1039.39,2120.1,-481.65,-137.94,2849.85,-3932.55,-1409.65,3000.9,-714.75,1147.81,-3699.6,457.65,5823.0,-2420.4,651.6,-740.52,1460.1,-127.8,429.79,-240.0,-50.55,183.92,-622.95,753.45,681.23,-4067.25,-78.3,-4960.52,430.8,-791.55,39.93,-4294.35,4307.25,-6878.85,,,,,,,,,,,,,0.0,0.0,0.0,,,,,,,,,,,,,0.0,0.0,0.0,0.0,0.0,0.0,0.0,0.0,0.0,0.0,0.0,0.0,0.0,0.0,0.0,0.0,0.0,0.0,0.0,0.0,0.0,0.0,0.0,0.0,0.0,0.0,0.0,0.0,0.0,0.0,0.0,0.0,0.0,0.0,0.0,0.0,0.0,0.0,0.0,0.0,0.0,0.0,0.0,0.0,0.0
15:07:44.401869,-1351.05,8.4,-1745.06,56.1,-0.9,-537.72,247.35,-792.6,-1338.02,1986.15,3992.85,-4833.22,-570.6,217.2,-1043.99,2115.9,-489.9,-136.97,2860.65,-3934.05,-1405.29,3001.2,-723.3,1146.6,-3699.9,455.1,5840.43,-2429.7,653.1,-729.87,1462.35,-127.35,420.6,-244.35,-50.55,187.31,-621.45,750.45,684.38,-4059.3,-82.35,-4963.18,440.55,-778.35,40.66,-4289.25,4304.4,-6872.07,,,,,,,,,,,,,0.0,0.0,0.0,,,,,,,,,,,,,0.0,0.0,0.0,0.0,0.0,0.0,0.0,0.0,0.0,0.0,0.0,0.0,0.0,0.0,0.0,0.0,0.0,0.0,0.0,0.0,0.0,0.0,0.0,0.0,0.0,0.0,0.0,0.0,0.0,0.0,0.0,0.0,0.0,0.0,0.0,0.0,0.0,0.0,0.0,0.0,0.0,0.0,0.0,0.0,0.0
15:07:44.650168,-1346.55,11.25,-1749.9,58.8,-4.95,-539.42,244.05,-790.65,-1344.55,1991.25,3993.0,-4826.21,-567.75,218.1,-1047.62,2115.75,-497.85,-150.77,2857.65,-3930.15,-1402.15,3004.35,-716.7,1148.05,-3699.75,457.35,5850.83,-2423.4,657.15,-725.76,1462.65,-128.55,415.76,-237.75,-50.1,177.87,-618.45,755.25,678.81,-4063.5,-76.05,-4954.95,441.3,-788.25,42.59,-4288.05,4299.9,-6864.57,,,,,,,,,,,,,0.0,0.0,0.0,,,,,,,,,,,,,0.0,0.0,0.0,0.0,0.0,0.0,0.0,0.0,0.0,0.0,0.0,0.0,0.0,0.0,0.0,0.0,0.0,0.0,0.0,0.0,0.0,0.0,0.0,0.0,0.0,0.0,0.0,0.0,0.0,0.0,0.0,0.0,0.0,0.0,0.0,0.0,0.0,0.0,0.0,0.0,0.0,0.0,0.0,0.0,0.0
