Timestamp,B0S0X,B0S0Y,B0S0Z,B0S1X,B0S1Y,B0S1Z,B0S2X,B0S2Y,B0S2Z,B0S3X,B0S3Y,B0S3Z,B0S4X,B0S4Y,B0S4Z,B1S0X,B1S0Y,B1S0Z,B1S1X,B1S1Y,B1S1Z,B1S2X,B1S2Y,B1S2Z,B1S3X,B1S3Y,B1S3Z,B1S4X,B1S4Y,B1S4Z,B2S0X,B2S0Y,B2S0Z,B2S1X,B2S1Y,B2S1Z,B2S2X,B2S2Y,B2S2Z,B2S3X,B2S3Y,B2S3Z,B2S4X,B2S4Y,B2S4Z,B3S0X,B3S0Y,B3S0Z,B3S1X,B3S1Y,B3S1Z,B3S2X,B3S2Y,B3S2Z,B3S3X,B3S3Y,B3S3Z,B3S4X,B3S4Y,B3S4Z,B4S0X,B4S0Y,B4S0Z,B4S1X,B4S1Y,B4S1Z,B4S2X,B4S2Y,B4S2Z,B4S3X,B4S3Y,B4S3Z,B4S4X,B4S4Y,B4S4Z,B5S0X,B5S0Y,B5S0Z,B5S1X,B5S1Y,B5S1Z,B5S2X,B5S2Y,B5S2Z,B5S3X,B5S3Y,B5S3Z,B5S4X,B5S4Y,B5S4Z,B6S0X,B6S0Y,B6S0Z,B6S1X,B6S1Y,B6S1Z,B6S2X,B6S2Y,B6S2Z,B6S3X,B6S3Y,B6S3Z,B6S4X,B6S4Y,B6S4Z,B7S0X,B7S0Y,B7S0Z,B7S1X,B7S1Y,B7S1Z,B7S2X,B7S2Y,B7S2Z,B7S3X,B7S3Y,B7S3Z,B7S4X,B7S4Y,B7S4Z
15:05:43.613482,-1373.1,9.3,-1756.19,53.1,-4.95,-543.77,251.25,-807.0,-1349.39,2025.75,3977.4,-4406.09,-571.65,229.65,-1055.85,2102.25,-470.7,-187.31,3132.9,-3826.65,-1512.74,2948.85,-725.4,1167.89,-3540.6,366.45,5925.61,-2415.9,632.7,-730.6,1467.3,-130.5,414.79,-247.2,-53.25,177.14,-613.35,761.25,686.55,-4065.15,-84.45,-4981.33,441.9,-791.7,35.33,0.0,0.0,0.0,,,,,,,,,,,,,0.0,0.0,0.0,,,,,,,,,,,,,0.0,0.0,0.0,0.0,0.0,0.0,0.0,0.0,0.0,0.0,0.0,0.0,0.0,0.0,0.0,0.0,0.0,0.0,0.0,0.0,0.0,0.0,0.0,0.0,0.0,0.0,0.0,0.0,0.0,0.0,0.0,0.0,0.0,0.0,0.0,0.0,0.0,0.0,0.0,0.0,0.0,0.0,0.0,0.0,0.0
15:05:43.885033,-1384.35,17.55,-1768.05,56.55,-8.1,-536.76,257.55,-810.9,-1342.62,2026.5,3977.55,-4416.74,-578.1,219.75,-1056.81,2100.6,-469.8,-188.76,3129.0,-3827.85,-1517.1,2948.85,-723.15,1164.26,-3544.8,357.0,5928.03,-2414.1,635.25,-726.73,1469.4,-127.5,424.47,-246.9,-46.65,186.58,-616.35,763.05,681.47,-4065.6,-81.45,-4993.67,436.8,-793.65,36.54,0.0,0.0,0.0,,,,,,,,,,,,,0.0,0.0,0.0,,,,,,,,,,,,,0.0,0.0,0.0,0.0,0.0,0.0,0.0,0.0,0.0,0.0,0.0,0.0,0.0,0.0,0.0,0.0,0.0,0.0,0.0,0.0,0.0,0.0,0.0,0.0,0.0,0.0,0.0,0.0,0.0,0.0,0.0,0.0,0.0,0.0,0.0,0.0,0.0,0.0,0.0,0.0,0.0,0.0,0.0,0.0,0.0
15:05:44.151380,-1377.6,21.45,-1775.8,56.4,-10.2,-552.97,257.25,-805.35,-1350.6,2029.2,3956.55,-4416.98,-574.35,224.7,-1053.67,2103.9,-465.0,-189.49,3138.0,-3831.9,-1521.45,2943.0,-720.0,1166.2,-3539.1,356.1,5936.99,-2415.45,636.3,-725.27,1469.4,-129.9,418.42,-246.15,-45.45,180.29,-613.5,768.6,682.92,-4072.95,-81.3,-4993.67,437.25,-791.55,46.46,0.0,0.0,0.0,,,,,,,,,,,,,0.0,0.0,0.0,,,,,,,,,,,,,0.0,0.0,0.0,0.0,0.0,0.0,0.0,0.0,0.0,0.0,0.0,0.0,0.0,0.0,0.0,0.0,0.0,0.0,0.0,0.0,0.0,0.0,0.0,0.0,0.0,0.0,0.0,0.0,0.0,0.0,0.0,0.0,,,,,0.0,0.0,0.0,0.0,0.0,0.0,0.0,0.0,0.0
15:05:44.392985,-1381.8,14.1,-17.0,,,,,,,,,,,,,,,,,,,,,,,,,,,,,,,,,,,,,,,,,,,,,,,,,,,,,,,,,,,,,,,,,,,,,,,,,,,,,,,,,,,,,,,,,,,,,,,,,,,,,,0.0,0.0,0.0,0.0,0.0,0.0,0.0,0.0,0.0,0.0,0.0,0.0,0.0,0.0,0.0,0.0
15:05:44.641992,-1377.6,15.3,-1769.5,58.8,-4.95,-550.79,251.55,-800.7,-1360.77,2029.65,3983.1,-4412.87,-576.15,227.7,-1047.86,2106.0,-465.6,-192.39,3131.25,-3830.25,-1517.82,2941.35,-720.3,1170.31,-3544.35,370.65,5928.03,-2410.65,632.55,-725.52,1471.8,-130.8,419.14,-245.7,-52.2,183.44,-619.65,765.45,680.75,-4070.7,-81.6,-4989.31,443.85,-792.0,49.85,0.0,0.0,0.0,,,,,,,,,,,,,0.0,0.0,0.0,,,,,,,,,,,,,0.0,0.0,0.0,0.0,0.0,0.0,0.0,0.0,0.0,0.0,0.0,0.0,0.0,0.0,0.0,0.0,0.0,0.0,0.0,0.0,0.0,0.0,0.0,0.0,0.0,0.0,0.0,0.0,0.0,0.0,0.0,0.0,0.0,0.0,0.0,0.0,0.0,0.0,0.0,0.0,0.0,0.0,0.0,0.0,0.0
15:05:44.889797,-1383.75,17.55,-1768.29,56.7,-10.05,-539.42,252.75,-807.6,-1356.65,2021.85,3969.45,-4413.6,-571.2,224.25,-1040.84,2101.65,-472.65,-191.91,3129.3,-3829.5,-1515.65,2950.05,-722.55,1169.59,-3544.05,362.4,5953.44,-2407.95,635.4,-729.15,1473.45,-124.65,421.08,-246.3,-50.1,181.26,-616.05,766.5,683.89,-4071.9,-80.55,-4987.62,442.2,-789.9,31.22,0.0,0.0,0.0,,,,,,,,,,,,,0.0,0.0,0.0,,,,,,,,,,,,,0.0,0.0,0.0,0.0,0.0,0.0,0.0,0.0,0.0,0.0,0.0,0.0,0.0,0.0,0.0,0.0,0.0,0.0,0.0,0.0,0.0,0.0,0.0,0.0,0.0,0.0,0.0,0.0,0.0,0.0,0.0,0.0,0.0,0.0,0.0,0.0,0.0,0.0,0.0,0.0,0.0,0.0,0.0,0.0,0.0
15:05:45.132705,-1378.65,12.0,-1768.78,59.25,-4.8,-545.23,254.4,-809.25,-1363.19,2028.3,3988.5,-4409.24,-574.5,218.7,-1049.55,2100.45,-471.0,-189.24,3128.4,-3830.4,-1515.4,2945.25,-722.7,1170.8,-3541.05,363.15,5946.18,-2416.65,638.55,-729.15,1472.85,-127.8,415.76,-243.75,-48.0,183.68,-620.7,765.3,686.07,-4075.65,-86.55,-4999.24,438.9,-795.75,28.56,0.0,0.0,0.0,,,,,,,,,,,,,0.0,0.0,0.0,,,,,,,,,,,,,0.0,0.0,0.0,0.0,0.0,0.0,0.0,0.0,0.0,0.0,0.0,0.0,0.0,0.0,0.0,0.0,0.0,0.0,0.0,0.0,0.0,0.0,0.0,0.0,0.0,0.0,0.0,0.0,0.0,0.0,0.0,0.0,0.0,0.0,0.0,0.0,0.0,0.0,,,,,0.0,0.0,0.0
15:05:45.374509,-1375.35,16.05,-1760.55,48.9,-5.4,-535.3,253.8,-803.25,,,,,,,,,,,,,,,,,,,,,,,,-133.5,418.9,-247.8,-45.45,184.16,-616.8,764.25,679.78,-4073.4,-83.55,-4989.8,445.5,-798.15,45.01,0.0,0.0,0.0,,,,,,,,,,,,,0.0,0.0,0.0,,,,,,,,,,,,,0.0,0.0,0.0,0.0,0.0,0.0,0.0,0.0,0.0,0.0,0.0,0.0,0.0,0.0,0.0,0.0,0.0,0.0,0.0,0.0,0.0,0.0,0.0,0.0,0.0,0.0,0.0,0.0,0.0,0.0,0.0,0.0,0.0,0.0,0.0,0.0,0.0,0.0,0.0,0.0,0.0,0.0,0.0,0.0,0.0
15:05:45.622032,-1377.6,16.2,-1766.6,57.15,-7.2,-538.45,249.45,-800.1,-1347.7,2027.1,3970.05,-4413.11,-568.65,221.25,-1050.04,2107.8,-469.95,-194.08,3131.7,-3831.75,-1510.56,2945.55,-720.0,1164.26,-3544.05,362.4,5943.52,-2414.1,638.7,-722.85,1473.0,-130.95,418.42,-249.45,-51.0,185.61,-616.2,765.6,685.1,-4070.55,-84.3,-4986.89,437.4,-798.3,49.37,0.0,0.0,0.0,,,,,,,,,,,,,0.0,0.0,0.0,,,,,,,,,,,,,0.0,0.0,0.0,0.0,0.0,0.0,0.0,0.0,0.0,0.0,0.0,0.0,0.0,0.0,0.0,0.0,0.0,0.0,0.0,0.0,0.0,0.0,0.0,0.0,0.0,0.0,0.0,0.0,0.0,0.0,0.0,0.0,0.0,0.0,0.0,0.0,0.0,0.0,0.0,0.0,0.0,0.0,0.0,0.0,0.0
15:05:45.871404,-1376.85,15.15,-1769.5,59.4,-1.65,-542.56,258.6,-805.05,-1350.12,2023.05,3973.2,-4419.89,-572.4,222.3,-1054.64,2106.3,-473.4,-185.13,3127.05,-3821.7,-1514.19,2946.75,-721.95,1164.75,-3542.25,362.4,5933.84,-2412.6,634.95,-729.15,1468.65,-126.9,417.45,-243.0,-50.7,189.24,-617.55,763.95,694.54,-4069.2,-87.6,-4989.8,441.9,-795.9,41.14,0.0,0.0,0.0,,,,,,,,,,,,,0.0,0.0,0.0,,,,,,,,,,,,,0.0,0.0,0.0,0.0,0.0,0.0,0.0,0.0,0.0,0.0,0.0,0.0,0.0,0.0,0.0,0.0,0.0,0.0,0.0,0.0,0.0,0.0,0.0,0.0,0.0,0.0,0.0,0.0,0.0,0.0,0.0,0.0,0.0,0.0,0.0,0.0,0.0,0.0,0.0,0.0,0.0,0.0,0.0,0.0,0.0
15:05:46.123497,-1379.4,14.4,-1766.6,57.0,-7.35,-536.03,259.5,-801.45,-1350.84,2027.25,3990.3,-4403.67,-572.7,224.55,-1046.41,2102.4,-468.3,-181.74,3127.2,-3822.9,-1513.71,2941.05,-719.7,1168.38,-3539.1,370.05,5915.69,-2412.15,635.7,-728.42,1474.95,-132.3,415.27,-242.25,-54.3,181.5,-617.4,763.2,691.88,-4075.65,-92.7,-4994.88,443.1,-789.6,45.25,0.0,0.0,0.0,,,,,,,,,,,,,0.0,0.0,0.0,,,,,,,,,,,,,0.0,0.0,0.0,0.0,0.0,0.0,0.0,0.0,0.0,0.0,0.0,0.0,0.0,0.0,0.0,0.0,0.0,0.0,0.0,0.0,0.0,0.0,0.0,0.0,0.0,0.0,0.0,0.0,0.0,0.0,0.0,0.0,0.0,0.0,0.0,0.0,0.0,0.0,,,,,0.0,0.0,0.0
15:05:46.367889,-1384.2,15.9,-1764.91,52.05,-7.8,-535.79,255.6,-804.15,,,,,,,,,,,,,,,,,,,,,,,,,,,,,,,,,,,,,,,,,,,,,,,,,,,,,,,,,,,,,,,,,,,,,,,,,,,,,,,,,,,,,,,,,,,,,,,,,,,,,,,,0.0,0.0,0.0,0.0,0.0,0.0,0.0,0.0,0.0
15:05:46.618642,-1379.25,18.75,-1757.16,59.4,-5.4,-542.56,253.5,-805.35,-1351.33,2033.1,3978.15,-4411.42,-574.35,224.7,-1052.46,2098.95,-466.2,-190.7,3133.05,-3829.2,-1526.29,2947.95,-724.05,1166.2,-3539.1,365.55,5944.73,-2416.35,639.3,-726.0,1471.65,-129.75,423.02,-249.3,-48.75,171.58,-615.45,765.45,680.02,-4068.9,-86.85,-4992.46,441.6,-796.35,36.3,0.0,0.0,0.0,,,,,,,,,,,,,0.0,0.0,0.0,,,,,,,,,,,,,0.0,0.0,0.0,0.0,0.0,0.0,0.0,0.0,0.0,0.0,0.0,0.0,0.0,0.0,0.0,0.0,0.0,0.0,0.0,0.0,0.0,0.0,0.0,0.0,0.0,0.0,0.0,0.0,0.0,0.0,0.0,0.0,0.0,0.0,0.0,0.0,0.0,0.0,0.0,0.0,0.0,0.0,0.0,0.0,0.0
15:05:46.867655,-1377.45,12.9,-1766.36,51.0,-11.55,-535.3,257.1,-803.25,-1356.17,2021.85,3974.25,-4396.17,-575.1,218.55,-1045.68,2100.45,-470.7,-188.28,3140.7,-3835.2,-1520.97,2943.15,-719.4,1160.63,-3543.3,370.65,5929.97,-2408.25,637.05,-721.89,1475.4,-130.65,414.55,-244.65,-49.8,187.55,-621.45,756.3,695.75,-4084.65,-100.35,-4984.72,444.45,-792.75,42.35,0.0,0.0,0.0,,,,,,,,,,,,,0.0,0.0,0.0,,,,,,,,,,,,,0.0,0.0,0.0,0.0,0.0,0.0,0.0,0.0,0.0,0.0,0.0,0.0,0.0,0.0,0.0,0.0,0.0,0.0,0.0,0.0,0.0,0.0,0.0,0.0,0.0,0.0,0.0,0.0,0.0,0.0,0.0,0.0,0.0,0.0,0.0,0.0,0.0,0.0,0.0,0.0,0.0,0.0,0.0,0.0,0.0
15:05:47.108208,-1374.6,17.55,-1758.86,60.9,-6.3,-541.11,253.2,-799.8,-1348.42,2034.15,3983.1,-4409.48,-578.4,225.3,-1048.34,2097.15,-471.3,-186.58,3143.1,-3825.6,-1535.73,2944.5,-720.45,1171.04,-3540.3,368.55,5928.27,-2408.4,639.15,-724.31,1471.35,-128.7,422.53,-245.25,-48.3,184.89,-616.2,764.25,683.41,-4080.9,-116.1,-4980.84,442.95,-793.5,49.37,0.0,0.0,0.0,,,,,,,,,,,,,0.0,0.0,0.0,,,,,,,,,,,,,0.0,0.0,0.0,0.0,0.0,0.0,0.0,0.0,0.0,0.0,0.0,0.0,0.0,0.0,0.0,0.0,0.0,0.0,0.0,0.0,0.0,0.0,0.0,0.0,0.0,0.0,0.0,0.0,0.0,0.0,0.0,0.0,0.0,0.0,0.0,0.0,0.0,0.0,,,,,0.0,0.0,0.0
15:05:47.352461,-1381.05,18.15,-1763.94,53.25,-5.25,-544.98,257.4,-806.1,,,,,,,,,,,,,,,,,,,,,,,,,,,,,,,,,-854.25,-4735.21,427.95,-763.05,89.78,0.0,0.0,0.0,,,,,,,,,,,,,0.0,0.0,0.0,,,,,,,,,,,,,0.0,0.0,0.0,0.0,0.0,0.0,0.0,0.0,0.0,0.0,0.0,0.0,0.0,0.0,0.0,0.0,0.0,0.0,0.0,0.0,0.0,0.0,0.0,0.0,0.0,0.0,0.0,0.0,0.0,0.0,0.0,0.0,0.0,0.0,0.0,0.0,0.0,0.0,0.0,0.0,0.0,0.0,0.0,0.0,0.0
15:05:47.598924,-1385.7,19.35,-1765.63,59.4,-6.0,-536.51,249.75,-814.35,-1362.22,2052.15,3986.1,-4296.47,-571.35,233.1,-1056.09,2142.45,-463.35,-216.35,3259.2,-3933.15,-1606.64,2955.3,-725.7,1164.99,-3531.45,426.9,5969.9,-2415.75,616.05,-738.58,1349.1,-67.8,681.47,-182.25,-61.35,222.88,-544.8,620.55,893.46,-4739.85,-1822.8,-4271.06,401.7,-725.55,138.91,0.0,0.0,0.0,,,,,,,,,,,,,0.0,0.0,0.0,,,,,,,,,,,,,0.0,0.0,0.0,0.0,0.0,0.0,0.0,0.0,0.0,0.0,0.0,0.0,0.0,0.0,0.0,0.0,0.0,0.0,0.0,0.0,0.0,0.0,0.0,0.0,0.0,0.0,0.0,0.0,0.0,0.0,0.0,0.0,0.0,0.0,0.0,0.0,0.0,0.0,0.0,0.0,0.0,0.0,0.0,0.0,0.0
15:05:47.844990,-1381.2,19.5,-1762.73,60.15,-14.1,-530.95,245.7,-816.6,-1355.44,2051.1,3975.0,-4277.59,-577.5,230.4,-1058.99,2153.25,-460.35,-219.98,3292.35,-3959.7,-1620.19,2957.4,-726.15,1161.6,-3521.55,446.1,5998.7,-2420.4,612.15,-740.52,1296.3,-48.9,736.41,-161.25,-69.3,239.1,-518.85,570.3,953.24,-4907.4,-2254.65,-3935.4,390.3,-706.5,169.88,0.0,0.0,0.0,,,,,,,,,,,,,0.0,0.0,0.0,,,,,,,,,,,,,0.0,0.0,0.0,0.0,0.0,0.0,0.0,0.0,0.0,0.0,0.0,0.0,0.0,0.0,0.0,0.0,0.0,0.0,0.0,0.0,0.0,0.0,0.0,0.0,0.0,0.0,0.0,0.0,0.0,0.0,0.0,0.0,0.0,0.0,0.0,0.0,0.0,0.0,0.0,0.0,0.0,0.0,0.0,0.0,0.0
15:05:48.095466,-1389.75,22.2,-1764.42,60.45,-7.35,-538.93,247.2,-814.35,-1348.42,2056.5,3986.7,-4254.6,-579.75,230.85,-1059.72,2165.1,-461.25,-215.14,3305.25,-3972.0,-1629.14,2958.9,-736.8,1165.23,-3522.15,451.5,5964.09,-2423.55,598.8,-729.63,1275.9,-42.15,766.41,-150.75,-71.7,251.92,-502.5,545.25,972.6,4857.75,-2412.0,-3767.21,383.7,-691.95,187.31,0.0,0.0,0.0,,,,,,,,,,,,,0.0,0.0,0.0,,,,,,,,,,,,,0.0,0.0,0.0,0.0,0.0,0.0,0.0,0.0,0.0,0.0,0.0,0.0,0.0,0.0,0.0,0.0,0.0,0.0,0.0,0.0,0.0,0.0,0.0,0.0,0.0,0.0,0.0,0.0,0.0,0.0,0.0,0.0,,,,,0.0,0.0,0.0,0.0,0.0,0.0,0.0,0.0,0.0
15:05:48.334717,-1392.0,22.2,-173.0,,,,,,,,,,,,,,,,,,,,,,,,,,,,,,,,,,,,,,,,,,,,,,,,,,,,,,,,,,,,,,,,,,,,,,,,,,,,,,,,,,,,,,,,,,,,,,,,,,,,,,,,,,,,,,,,,,,0.0,0.0,0.0
15:05:48.586234,-1387.8,28.2,-1758.61,66.0,-11.85,-537.97,251.85,-826.95,-1343.58,2052.6,3971.85,-4250.49,-582.6,229.5,-1048.83,2165.85,-458.25,-213.93,3329.25,-3990.0,-1641.24,2968.65,-735.0,1160.63,-3513.9,487.05,5976.19,-2422.95,602.7,-733.74,1240.05,-27.15,812.15,-138.0,-72.45,249.74,-481.35,517.5,998.01,4790.7,-2585.7,-3539.49,370.05,-672.75,198.92,0.0,0.0,0.0,,,,,,,,,,,,,0.0,0.0,0.0,,,,,,,,,,,,,0.0,0.0,0.0,0.0,0.0,0.0,0.0,0.0,0.0,0.0,0.0,0.0,0.0,0.0,0.0,0.0,0.0,0.0,0.0,0.0,0.0,0.0,0.0,0.0,0.0,0.0,0.0,0.0,0.0,0.0,0.0,0.0,0.0,0.0,0.0,0.0,0.0,0.0,0.0,0.0,0.0,0.0,0.0,0.0,0.0
15:05:48.840084,-1389.6,31.95,-1762.73,56.4,-16.2,-545.23,249.45,-830.55,-1345.28,2049.9,3980.1,-4253.15,-581.4,235.2,-1053.43,2165.25,-457.2,-217.56,3330.6,-3990.6,-1637.61,2967.75,-732.6,1169.1,-3508.05,488.1,5998.7,-2422.8,599.7,-738.83,1239.6,-32.25,810.7,-136.65,-70.35,241.52,-484.05,515.4,992.44,4796.4,-2580.0,-3514.81,372.0,-682.95,208.12,0.0,0.0,0.0,,,,,,,,,,,,,0.0,0.0,0.0,,,,,,,,,,,,,0.0,0.0,0.0,0.0,0.0,0.0,0.0,0.0,0.0,0.0,0.0,0.0,0.0,0.0,0.0,0.0,0.0,0.0,0.0,0.0,0.0,0.0,0.0,0.0,0.0,0.0,0.0,0.0,0.0,0.0,0.0,0.0,0.0,0.0,0.0,0.0,0.0,0.0,0.0,0.0,0.0,0.0,0.0,0.0,0.0
15:05:49.092804,-1395.75,28.8,-1754.02,61.05,-4.5,-536.03,247.35,-818.25,-1346.73,2047.5,3966.15,-4259.93,-578.25,236.55,-1051.25,2170.5,-456.3,-210.54,3324.0,-3991.05,-1639.55,2966.7,-733.8,1159.18,-3515.7,487.8,5971.59,-2421.0,608.85,-739.31,1245.15,-36.9,803.44,-142.5,-69.6,248.05,-487.8,526.95,992.44,4797.6,-2568.6,-3548.93,367.8,-677.55,211.75,0.0,0.0,0.0,,,,,,,,,,,,,0.0,0.0,0.0,,,,,,,,,,,,,0.0,0.0,0.0,0.0,0.0,0.0,0.0,0.0,0.0,0.0,0.0,0.0,0.0,0.0,0.0,0.0,0.0,0.0,0.0,0.0,0.0,0.0,0.0,0.0,0.0,0.0,0.0,0.0,0.0,0.0,0.0,0.0,,,,,0.0,0.0,0.0,0.0,0.0,0.0,0.0,0.0,0.0
15:05:49.338371,-1383.6,19.35,-17.0,,,,,,,,,,,,,,,,,,,,,,,,,,,,,,,,,,,,,,,,,,,,,,,,,,,,,,,,,,,,,,,,,,,,,,,,,0.0,0.0,0.0,0.0,0.0,0.0,0.0,0.0,0.0,0.0,0.0,0.0,0.0,0.0,0.0,0.0,0.0,0.0,0.0,0.0,0.0,0.0,0.0,0.0,0.0,0.0,0.0,0.0,0.0,0.0,0.0,0.0,0.0,0.0,0.0,0.0,0.0,0.0,0.0,0.0,0.0,0.0,0.0,0.0,0.0
15:05:49.588705,-1376.4,16.5,-1764.42,58.05,-4.05,-538.93,255.6,-807.0,-1351.09,2021.85,3970.95,-4424.24,-577.05,225.3,-1051.01,2110.5,-467.4,-200.86,3149.7,-3832.2,-1530.89,2945.85,-724.95,1158.94,-3537.0,376.2,5931.42,-2410.8,632.25,-729.63,1464.0,-118.5,450.6,-235.95,-50.25,182.95,-616.5,748.95,718.26,-4170.0,-327.45,-4924.7,439.5,-784.95,57.84,0.0,0.0,0.0,,,,,,,,,,,,,0.0,0.0,0.0,,,,,,,,,,,,,0.0,0.0,0.0,0.0,0.0,0.0,0.0,0.0,0.0,0.0,0.0,0.0,0.0,0.0,0.0,0.0,0.0,0.0,0.0,0.0,0.0,0.0,0.0,0.0,0.0,0.0,0.0,0.0,0.0,0.0,0.0,0.0,0.0,0.0,0.0,0.0,0.0,0.0,0.0,0.0,0.0,0.0,0.0,0.0,0.0
15:05:49.838966,-1372.8,18.3,-1771.68,45.6,-10.8,-541.35,249.9,-799.35,-1349.88,1993.5,3975.3,-4439.25,-572.55,222.3,-1055.12,2108.1,-464.1,-192.63,3140.1,-3843.6,-1524.36,2951.55,-726.3,1162.33,-3536.1,381.9,5908.19,-2407.95,633.3,-734.71,1460.7,-119.25,454.48,-243.45,-50.25,186.82,-611.1,756.75,700.35,-4152.9,-287.55,-4943.58,434.7,-781.5,53.24,0.0,0.0,0.0,,,,,,,,,,,,,0.0,0.0,0.0,,,,,,,,,,,,,0.0,0.0,0.0,0.0,0.0,0.0,0.0,0.0,0.0,0.0,0.0,0.0,0.0,0.0,0.0,0.0,0.0,0.0,0.0,0.0,0.0,0.0,0.0,0.0,0.0,0.0,0.0,0.0,0.0,0.0,0.0,0.0,0.0,0.0,0.0,0.0,0.0,0.0,0.0,0.0,0.0,0.0,0.0,0.0,0.0
15:05:50.091716,-1378.2,16.5,-1769.5,57.6,-4.05,-537.48,251.85,-806.25,-1353.99,2013.45,3979.8,-4430.54,-579.45,226.2,-1054.64,2112.6,-469.2,-188.03,3133.35,-3841.2,-1532.34,2946.6,-726.0,1165.23,-3536.1,379.35,5954.65,-2411.1,628.05,-725.03,1463.4,-125.4,442.62,-247.8,-44.25,192.39,-611.25,751.5,713.17,-4144.05,-260.1,-4947.93,436.05,-784.65,47.19,0.0,0.0,0.0,,,,,,,,,,,,,0.0,0.0,0.0,,,,,,,,,,,,,0.0,0.0,0.0,0.0,0.0,0.0,0.0,0.0,0.0,0.0,0.0,0.0,0.0,0.0,0.0,0.0,0.0,0.0,0.0,0.0,0.0,0.0,0.0,0.0,0.0,0.0,0.0,0.0,0.0,0.0,0.0,0.0,,,,,0.0,0.0,0.0,0.0,0.0,0.0,0.0,0.0,0.0
15:05:50.333762,-1357.95,17.7,-17.0,,,,,,,,,,,,-1071.09,2111.55,-469.65,-193.84,3138.15,-3829.95,-1523.63,2944.65,-719.1,1166.44,-3537.0,387.9,5949.09,-2408.7,640.65,-729.39,1466.85,-124.5,438.5,-243.6,-50.55,183.19,-613.65,749.25,702.28,-4128.0,-229.65,-4953.98,441.45,-787.5,45.01,0.0,0.0,0.0,,,,,,,,,,,,,0.0,0.0,0.0,,,,,,,,,,,,,0.0,0.0,0.0,0.0,0.0,0.0,0.0,0.0,0.0,0.0,0.0,0.0,0.0,0.0,0.0,0.0,0.0,0.0,0.0,0.0,0.0,0.0,0.0,0.0,0.0,0.0,0.0,0.0,0.0,0.0,0.0,0.0,0.0,0.0,0.0,0.0,0.0,0.0,0.0,0.0,0.0,0.0,0.0,0.0,0.0
15:05:50.576776,-1285.05,15.15,-1849.61,32.1,-8.1,-548.61,208.35,-764.25,-1387.39,2031.15,3983.55,-4638.41,-537.15,181.2,-1094.81,2118.6,-463.2,-172.79,3122.7,-3829.5,-1511.05,2950.65,-714.6,1159.42,-3538.2,401.7,5943.52,-2408.85,645.9,-727.69,1465.05,-122.4,442.38,-238.8,-46.2,180.53,-618.3,759.3,705.91,-4141.35,-234.45,-4959.06,443.25,-785.85,49.61,0.0,0.0,0.0,,,,,,,,,,,,,0.0,0.0,0.0,,,,,,,,,,,,,0.0,0.0,0.0,0.0,0.0,0.0,0.0,0.0,0.0,0.0,0.0,0.0,0.0,0.0,0.0,0.0,0.0,0.0,0.0,0.0,0.0,0.0,0.0,0.0,0.0,0.0,0.0,0.0,0.0,0.0,0.0,0.0,0.0,0.0,0.0,0.0,0.0,0.0,0.0,0.0,0.0,0.0,0.0,0.0,0.0
15:05:50.823923,-1136.1,15.15,-1982.95,-4.05,-9.75,-561.44,144.0,-703.65,-1437.24,2120.7,3994.65,-5047.88,-481.95,125.1,-1143.69,2126.25,-466.5,-178.11,3129.6,-3841.8,-1513.71,2954.4,-716.1,1157.73,-3549.3,428.1,5954.89,-2400.45,641.55,-721.4,1460.25,-122.25,436.33,-238.2,-49.5,177.87,-621.9,751.5,695.75,-4143.45,-226.5,-4972.13,429.9,-785.4,53.97,0.0,0.0,0.0,,,,,,,,,,,,,0.0,0.0,0.0,,,,,,,,,,,,,0.0,0.0,0.0,0.0,0.0,0.0,0.0,0.0,0.0,0.0,0.0,0.0,0.0,0.0,0.0,0.0,0.0,0.0,0.0,0.0,0.0,0.0,0.0,0.0,0.0,0.0,0.0,0.0,0.0,0.0,0.0,0.0,0.0,0.0,0.0,0.0,0.0,0.0,0.0,0.0,0.0,0.0,0.0,0.0,0.0
15:05:51.070728,-865.65,18.6,-2189.86,-73.95,-5.4,-570.64,35.4,-600.75,-1529.68,2279.85,3998.85,-6434.54,-379.2,8.85,-1214.6,2141.55,-472.65,-172.3,3164.55,-3861.45,-1537.43,2952.6,-712.8,1160.63,-3551.4,425.1,5931.9,-2395.05,640.95,-722.85,1463.85,-126.6,435.36,-235.05,-58.95,188.76,-612.75,751.8,704.22,-4143.15,-226.05,-4965.6,428.55,-791.25,58.32,0.0,0.0,0.0,,,,,,,,,,,,,0.0,0.0,0.0,,,,,,,,,,,,,0.0,0.0,0.0,0.0,0.0,0.0,0.0,0.0,0.0,0.0,0.0,0.0,0.0,0.0,0.0,0.0,0.0,0.0,0.0,0.0,0.0,0.0,0.0,0.0,0.0,0.0,0.0,0.0,0.0,0.0,0.0,0.0,0.0,0.0,0.0,0.0,0.0,0.0,0.0,0.0,0.0,0.0,0.0,0.0,0.0
15:05:51.318712,-699.9,21.6,-2303.11,-111.0,-20.85,-596.29,-38.4,-535.2,-1555.09,2348.7,3978.6,-7611.87,-316.65,-49.5,-1271.71,2156.25,-468.9,-192.63,3214.2,-3885.9,-1545.41,2952.75,-710.4,1158.94,-3570.75,422.1,5930.45,-2406.6,633.45,-726.73,1460.4,-129.0,441.41,-235.35,-53.85,179.08,-613.65,752.4,709.06,-4144.8,-206.55,-4961.24,418.05,-792.9,56.14,0.0,0.0,0.0,,,,,,,,,,,,,0.0,0.0,0.0,,,,,,,,,,,,,0.0,0.0,0.0,0.0,0.0,0.0,0.0,0.0,0.0,0.0,0.0,0.0,0.0,0.0,0.0,0.0,0.0,0.0,0.0,0.0,0.0,0.0,0.0,0.0,0.0,0.0,0.0,0.0,0.0,0.0,0.0,0.0,0.0,0.0,0.0,0.0,0.0,0.0,,,,,0.0,0.0,0.0
15:05:51.565503,-622.2,17.4,-2341.11,-113.4,-20.7,-593.87,-64.05,-495.15,-1500.16,2270.85,4006.8,-5734.43,-418.2,50.85,-1191.37,2134.5,-456.15,-187.07,3184.05,-3836.55,-1535.25,2948.1,-712.65,1170.55,-3512.1,404.25,5945.21,-2400.9,637.95,-721.16,1458.3,-128.1,435.6,-238.65,-54.15,185.61,-614.85,757.05,706.16,-4130.7,-182.55,-4961.73,429.75,-792.15,51.3,0.0,0.0,0.0,,,,,,,,,,,,,0.0,0.0,0.0,,,,,,,,,,,,,0.0,0.0,0.0,0.0,0.0,0.0,0.0,0.0,0.0,0.0,0.0,0.0,0.0,0.0,0.0,0.0,0.0,0.0,0.0,0.0,0.0,0.0,0.0,0.0,0.0,0.0,0.0,0.0,0.0,0.0,0.0,0.0,0.0,0.0,0.0,0.0,0.0,0.0,0.0,0.0,0.0,0.0,0.0,0.0,0.0
15:05:51.813129,-1284.3,8.7,-1866.79,31.65,-6.6,-556.36,209.7,-759.75,-1386.9,2059.95,3992.1,-4596.79,-534.6,183.0,-1102.31,2112.75,-463.65,-194.33,3159.6,-3818.4,-1526.78,2940.6,-716.85,1158.94,-3511.65,375.3,5930.69,-2409.9,636.9,-725.27,1465.05,-128.55,428.58,-244.8,-48.9,183.44,-610.95,761.1,704.22,-4114.65,-176.55,-4961.97,435.6,-792.3,43.56,0.0,0.0,0.0,,,,,,,,,,,,,0.0,0.0,0.0,,,,,,,,,,,,,0.0,0.0,0.0,0.0,0.0,0.0,0.0,0.0,0.0,0.0,0.0,0.0,0.0,0.0,0.0,0.0,0.0,0.0,0.0,0.0,0.0,0.0,0.0,0.0,0.0,0.0,0.0,0.0,0.0,0.0,0.0,0.0,0.0,0.0,0.0,0.0,0.0,0.0,0.0,0.0,0.0,0.0,0.0,0.0,0.0
15:05:52.060137,-1319.7,14.85,-1816.69,39.15,-7.8,-551.28,225.9,-777.0,-1376.25,2052.3,3994.5,-4503.62,-557.1,200.55,-1076.66,2112.0,-467.7,-188.76,3163.05,-3821.55,-1520.0,2939.1,-720.0,1163.05,-3521.55,369.15,5934.32,-2406.0,634.8,-736.41,1464.15,-128.1,427.61,-245.4,-49.35,177.63,-613.05,760.35,693.09,-4107.75,-179.25,-4972.86,441.75,-791.25,44.04,0.0,0.0,0.0,,,,,,,,,,,,,0.0,0.0,0.0,,,,,,,,,,,,,0.0,0.0,0.0,0.0,0.0,0.0,0.0,0.0,0.0,0.0,0.0,0.0,0.0,0.0,0.0,0.0,0.0,0.0,0.0,0.0,0.0,0.0,0.0,0.0,0.0,0.0,0.0,0.0,0.0,0.0,0.0,0.0,0.0,0.0,0.0,0.0,0.0,0.0,0.0,0.0,0.0,0.0,0.0,0.0,0.0
15:05:52.306059,-1334.7,20.4,-1810.16,44.1,-8.55,-544.02,232.65,-786.15,-1374.32,2047.8,3962.7,-4491.04,-551.4,203.7,-1075.21,2106.6,-468.15,-190.21,3159.0,-3826.05,-1520.24,2945.7,-722.7,1168.38,-3529.5,370.95,5906.98,-2409.45,633.15,-726.24,1470.6,-127.5,423.5,-244.95,-50.85,187.07,-619.8,760.2,693.57,-4113.75,-174.3,-4972.13,434.25,-794.1,54.69,0.0,0.0,0.0,,,,,,,,,,,,,0.0,0.0,0.0,,,,,,,,,,,,,0.0,0.0,0.0,0.0,0.0,0.0,0.0,0.0,0.0,0.0,0.0,0.0,0.0,0.0,0.0,0.0,0.0,0.0,0.0,0.0,0.0,0.0,0.0,0.0,0.0,0.0,0.0,0.0,0.0,0.0,0.0,0.0,0.0,0.0,0.0,0.0,0.0,0.0,0.0,0.0,0.0,0.0,0.0,0.0,0.0
15:05:52.552734,-1342.2,21.9,-1803.63,41.7,-4.65,-542.32,239.1,-793.8,-1361.49,2041.8,3983.85,-4478.69,-562.5,209.1,-1063.59,2114.7,-459.15,-188.52,3163.95,-3826.05,-1511.53,2941.05,-713.1,1157.97,-3528.0,361.2,5924.64,-2410.2,636.6,-733.99,1466.85,-130.35,427.86,-247.05,-48.0,180.53,-617.1,763.8,694.78,-4110.3,-168.9,-4972.13,439.5,-793.35,47.19,0.0,0.0,0.0,,,,,,,,,,,,,0.0,0.0,0.0,,,,,,,,,,,,,0.0,0.0,0.0,0.0,0.0,0.0,0.0,0.0,0.0,0.0,0.0,0.0,0.0,0.0,0.0,0.0,0.0,0.0,0.0,0.0,0.0,0.0,0.0,0.0,0.0,0.0,0.0,0.0,0.0,0.0,0.0,0.0,,,,,0.0,0.0,0.0,0.0,0.0,0.0,0.0,0.0,0.0
15:05:52.792404,-1345.35,13.5,-17.0,,,,,,,,,,,,,,,,,,,,,,,,,,,,,,,,,,,,,,,,,,,,,,,,,,,,,,,,,,,,,,,,,,,,,,,,,,,,,,,,,,,,,,,,,,,,,,,,,,,,,,,,,,,,,,,,,,,0.0,0.0,0.0
15:05:53.039386,-1355.55,19.65,-1789.83,42.45,-6.45,-540.63,244.95,-792.6,-1364.4,2031.45,3986.25,-4460.54,-568.5,216.3,-1062.86,2104.2,-463.5,-204.25,3154.2,-3821.7,-1515.65,2943.45,-720.15,1154.82,-3525.15,355.65,5922.22,-2409.9,634.2,-726.73,1467.3,-128.7,427.13,-244.2,-51.3,180.05,-619.65,766.2,700.35,-4105.2,-160.35,-4970.92,438.45,-791.4,49.61,0.0,0.0,0.0,,,,,,,,,,,,,0.0,0.0,0.0,,,,,,,,,,,,,0.0,0.0,0.0,0.0,0.0,0.0,0.0,0.0,0.0,0.0,0.0,0.0,0.0,0.0,0.0,0.0,0.0,0.0,0.0,0.0,0.0,0.0,0.0,0.0,0.0,0.0,0.0,0.0,0.0,0.0,0.0,0.0,0.0,0.0,0.0,0.0,0.0,0.0,0.0,0.0,0.0,0.0,0.0,0.0,0.0
15:05:53.319331,-1353.45,16.8,-1795.4,54.75,-8.1,-543.29,243.75,-797.7,-1366.33,2029.8,3996.6,-4434.41,-565.5,216.15,-1066.49,2124.6,-459.15,-223.12,3281.1,-3873.9,-1447.16,2935.65,-719.55,1153.61,-3531.6,318.45,5975.95,-2401.2,629.25,-738.58,1468.35,-124.8,423.02,-238.05,-43.35,177.87,-621.9,760.2,692.85,-4115.1,-165.9,-4966.81,436.65,-790.2,49.37,0.0,0.0,0.0,,,,,,,,,,,,,0.0,0.0,0.0,,,,,,,,,,,,,0.0,0.0,0.0,0.0,0.0,0.0,0.0,0.0,0.0,0.0,0.0,0.0,0.0,0.0,0.0,0.0,0.0,0.0,0.0,0.0,0.0,0.0,0.0,0.0,0.0,0.0,0.0,0.0,0.0,0.0,0.0,0.0,0.0,0.0,0.0,0.0,0.0,0.0,0.0,0.0,0.0,0.0,0.0,0.0,0.0
15:05:53.572819,-1356.9,14.55,-1782.33,47.55,-2.1,-550.31,243.9,-793.65,-1360.77,2005.8,3983.1,-4357.21,-566.1,215.7,-1066.74,2170.5,-456.75,-279.75,3406.95,-3980.55,-1346.25,2928.9,-708.45,1150.71,-3587.7,239.1,6031.37,-2387.25,612.15,-727.69,1470.3,-127.5,430.76,-242.85,-55.2,175.69,-617.85,761.85,691.15,-4130.1,-166.2,-4969.23,437.1,-784.8,47.19,0.0,0.0,0.0,,,,,,,,,,,,,0.0,0.0,0.0,,,,,,,,,,,,,0.0,0.0,0.0,0.0,0.0,0.0,0.0,0.0,0.0,0.0,0.0,0.0,0.0,0.0,0.0,0.0,0.0,0.0,0.0,0.0,0.0,0.0,0.0,0.0,0.0,0.0,0.0,0.0,0.0,0.0,0.0,0.0,,,,,0.0,0.0,0.0,0.0,0.0,0.0,0.0,0.0,0.0
15:05:53.820911,-1380.0,22.05,-1800.0,,,,,,,,,,,,,,,,,,,,,,,,,,,,,,,,,,,,,,,,,,,,,,,,,,,,,,,,,,,,,,,,,,,,,,,,,,,,,,,,,,,,,,0.0,0.0,0.0,0.0,0.0,0.0,0.0,0.0,0.0,0.0,0.0,0.0,0.0,0.0,0.0,0.0,0.0,0.0,0.0,0.0,0.0,0.0,0.0,0.0,0.0,0.0,0.0,0.0,0.0,0.0,0.0,0.0
15:05:54.072549,-1396.2,20.1,-1816.69,54.45,-11.85,-545.71,250.95,-812.85,-1354.72,1856.1,3992.85,-3760.2,-588.6,213.0,-1073.51,2338.5,-433.65,-1344.79,3793.2,-4487.25,1087.06,2933.25,-673.2,1066.25,-4490.55,-2298.0,6805.04,-2193.0,501.9,-838.77,1479.15,-126.9,411.64,-259.8,-51.15,178.35,-620.7,773.85,688.25,-4091.25,-62.25,-4919.13,462.0,-804.0,37.27,0.0,0.0,0.0,,,,,,,,,,,,,0.0,0.0,0.0,,,,,,,,,,,,,0.0,0.0,0.0,0.0,0.0,0.0,0.0,0.0,0.0,0.0,0.0,0.0,0.0,0.0,0.0,0.0,0.0,0.0,0.0,0.0,0.0,0.0,0.0,0.0,0.0,0.0,0.0,0.0,0.0,0.0,0.0,0.0,0.0,0.0,0.0,0.0,0.0,0.0,0.0,0.0,0.0,0.0,0.0,0.0,0.0
15:05:54.323480,-1380.45,18.15,-1804.84,51.3,-4.65,-540.39,245.55,-804.45,-1367.3,1882.2,3997.95,-4003.89,-586.5,214.2,-1072.06,2266.35,-442.65,-1100.62,3771.0,-4390.2,384.3,2951.4,-691.8,1073.27,-4186.65,-1682.85,6759.3,-2241.45,528.9,-809.25,1474.65,-121.65,417.21,-255.6,-51.0,180.29,-621.15,768.9,691.39,-4090.5,-75.3,-4921.31,453.0,-799.8,38.48,0.0,0.0,0.0,,,,,,,,,,,,,0.0,0.0,0.0,,,,,,,,,,,,,0.0,0.0,0.0,0.0,0.0,0.0,0.0,0.0,0.0,0.0,0.0,0.0,0.0,0.0,0.0,0.0,0.0,0.0,0.0,0.0,0.0,0.0,0.0,0.0,0.0,0.0,0.0,0.0,0.0,0.0,0.0,0.0,0.0,0.0,0.0,0.0,0.0,0.0,0.0,0.0,0.0,0.0,0.0,0.0,0.0
15:05:54.576733,-1354.95,15.75,-1786.69,51.75,-4.65,-549.58,247.2,-792.0,-1354.47,1928.55,3986.1,-4565.57,-575.7,211.2,-1059.96,2056.35,-492.3,-368.57,3289.35,-4022.4,-831.75,3010.5,-724.2,1158.45,-3759.75,-218.55,6086.3,-2387.7,648.45,-745.84,1470.6,-124.65,426.16,-247.65,-52.5,175.69,-615.3,767.55,676.15,-4096.35,-118.35,-4951.56,452.55,-795.45,34.85,0.0,0.0,0.0,,,,,,,,,,,,,0.0,0.0,0.0,,,,,,,,,,,,,0.0,0.0,0.0,0.0,0.0,0.0,0.0,0.0,0.0,0.0,0.0,0.0,0.0,0.0,0.0,0.0,0.0,0.0,0.0,0.0,0.0,0.0,0.0,0.0,0.0,0.0,0.0,0.0,0.0,0.0,0.0,0.0,,,,,0.0,0.0,0.0,0.0,0.0,0.0,0.0,0.0,0.0
15:05:54.827448,-1347.45,5.25,-17790.0,,,,,,,,,,,,,,,,,,,,,,,,,,639.45,-766.41,1473.9,-124.95,426.89,-246.6,-47.4,177.39,-619.65,755.85,687.28,-4087.8,-130.2,-4959.79,441.9,-790.95,33.88,0.0,0.0,0.0,,,,,,,,,,,,,0.0,0.0,0.0,,,,,,,,,,,,,0.0,0.0,0.0,0.0,0.0,0.0,0.0,0.0,0.0,0.0,0.0,0.0,0.0,0.0,0.0,0.0,0.0,0.0,0.0,0.0,0.0,0.0,0.0,0.0,0.0,0.0,0.0,0.0,0.0,0.0,0.0,0.0,0.0,0.0,0.0,0.0,0.0,0.0,0.0,0.0,0.0,0.0,0.0,0.0,0.0
15:05:55.086557,-1354.2,11.55,-1770.23,49.8,-5.1,-544.74,250.5,-789.3,-1356.89,1976.55,3986.4,-4658.74,-571.2,214.65,-1051.49,1971.6,-476.7,-551.76,2976.3,-3905.25,-1373.83,2973.75,-729.75,1112.47,-3945.75,-537.3,6236.58,-2402.85,612.45,-832.24,1467.6,-123.15,432.45,-247.35,-52.2,176.66,-629.85,766.5,688.73,-4093.65,-131.1,-4975.04,450.0,-787.35,46.71,0.0,0.0,0.0,,,,,,,,,,,,,0.0,0.0,0.0,,,,,,,,,,,,,0.0,0.0,0.0,0.0,0.0,0.0,0.0,0.0,0.0,0.0,0.0,0.0,0.0,0.0,0.0,0.0,0.0,0.0,0.0,0.0,0.0,0.0,0.0,0.0,0.0,0.0,0.0,0.0,0.0,0.0,0.0,0.0,0.0,0.0,0.0,0.0,0.0,0.0,0.0,0.0,0.0,0.0,0.0,0.0,0.0
15:05:55.336337,-1349.4,15.15,-1778.7,53.7,-2.55,-539.9,245.7,-789.15,-1357.14,1983.0,3989.55,-4658.5,-561.45,210.6,-1058.99,1983.0,-470.4,-464.16,2947.8,-3881.1,-1397.07,2983.2,-730.2,1143.45,-3881.4,-307.35,6118.49,-2412.0,625.8,-813.36,1472.4,-126.3,416.48,-249.15,-54.75,177.39,-618.15,759.0,697.69,-4096.65,-132.45,-4967.53,442.5,-790.65,51.06,0.0,0.0,0.0,,,,,,,,,,,,,0.0,0.0,0.0,,,,,,,,,,,,,0.0,0.0,0.0,0.0,0.0,0.0,0.0,0.0,0.0,0.0,0.0,0.0,0.0,0.0,0.0,0.0,0.0,0.0,0.0,0.0,0.0,0.0,0.0,0.0,0.0,0.0,0.0,0.0,0.0,0.0,0.0,0.0,0.0,0.0,0.0,0.0,0.0,0.0,0.0,0.0,0.0,0.0,0.0,0.0,0.0
15:05:55.589203,-1349.7,13.5,-1777.73,54.0,-6.75,-541.6,246.15,-792.45,-1361.01,1992.3,3982.65,-4659.95,-567.3,210.15,-1053.67,2032.35,-492.6,-254.58,2920.95,-3874.65,-1367.78,2994.45,-723.3,1157.24,-3722.1,93.75,5968.2,-2414.7,648.3,-757.94,1470.15,-123.0,424.95,-250.2,-49.35,187.07,-618.0,766.35,695.51,-4095.9,-134.1,-4972.62,443.55,-794.55,37.75,0.0,0.0,0.0,,,,,,,,,,,,,0.0,0.0,0.0,,,,,,,,,,,,,0.0,0.0,0.0,0.0,0.0,0.0,0.0,0.0,0.0,0.0,0.0,0.0,0.0,0.0,0.0,0.0,0.0,0.0,0.0,0.0,0.0,0.0,0.0,0.0,0.0,0.0,0.0,0.0,0.0,0.0,0.0,0.0,,,,,,,,,,,,,0.0
15:05:55.834616,,,,,,,,,,,,,,,,,,,,,,,,,,,,,,,,,,,,,,,,,,,,,,,,,,,,,,,,,,,,,,,,,,,,,,,,,,,,,,,,,,,,,,,,,,,,,,,,,,,,,,,,,,,,,,,,0.0,0.0,0.0,0.0,0.0,0.0,0.0,0.0,0.0
15:05:56.087547,-1350.9,7.8,-1780.0,45.9,-8.85,-539.42,246.75,-785.4,-1357.14,1993.95,3985.35,-4685.36,-566.4,213.45,-1054.39,2045.25,-497.25,-189.97,2880.3,-3869.7,-1385.69,3004.65,-719.85,1164.02,-3658.2,243.9,5896.09,-2426.55,654.15,-741.97,1476.0,-125.7,426.4,-246.15,-57.45,183.44,-619.2,758.4,688.73,-4089.45,-128.4,-4968.74,448.5,-792.45,41.38,0.0,0.0,0.0,,,,,,,,,,,,,0.0,0.0,0.0,,,,,,,,,,,,,0.0,0.0,0.0,0.0,0.0,0.0,0.0,0.0,0.0,0.0,0.0,0.0,0.0,0.0,0.0,0.0,0.0,0.0,0.0,0.0,0.0,0.0,0.0,0.0,0.0,0.0,0.0,0.0,0.0,0.0,0.0,0.0,0.0,0.0,0.0,0.0,0.0,0.0,0.0,0.0,0.0,0.0,0.0,0.0,0.0
15:05:56.337600,-1350.3,10.5,-1772.17,52.05,-5.1,-535.79,239.85,-791.7,-1357.62,1987.35,3979.2,-4695.28,-560.1,216.45,-1057.54,2047.35,-490.5,-185.86,2869.35,-3864.3,-1387.39,3004.05,-719.25,1170.55,-3652.95,255.3,5876.0,-2429.85,665.7,-744.88,1469.1,-125.85,422.77,-248.85,-47.55,179.08,-614.85,764.1,690.67,-4088.85,-124.65,-4963.66,442.2,-790.95,45.98,0.0,0.0,0.0,,,,,,,,,,,,,0.0,0.0,0.0,,,,,,,,,,,,,0.0,0.0,0.0,0.0,0.0,0.0,0.0,0.0,0.0,0.0,0.0,0.0,0.0,0.0,0.0,0.0,0.0,0.0,0.0,0.0,0.0,0.0,0.0,0.0,0.0,0.0,0.0,0.0,0.0,0.0,0.0,0.0,0.0,0.0,0.0,0.0,0.0,0.0,0.0,0.0,0.0,0.0,0.0,0.0,0.0
15:05:56.586280,-1355.4,6.75,-1772.41,52.2,-6.9,-542.32,243.3,-791.4,-1355.93,1993.35,3974.1,-4691.41,-567.15,212.55,-1053.18,2049.9,-493.5,-160.2,2860.5,-3863.1,-1391.5,2999.4,-717.6,1169.1,-3648.45,267.15,5868.5,-2431.65,658.65,-741.97,1471.65,-129.75,425.44,-245.4,-47.4,174.0,-622.65,764.1,687.28,-4081.8,-120.75,-4974.55,445.35,-796.95,44.77,0.0,0.0,0.0,,,,,,,,,,,,,0.0,0.0,0.0,,,,,,,,,,,,,0.0,0.0,0.0,0.0,0.0,0.0,0.0,0.0,0.0,0.0,0.0,0.0,0.0,0.0,0.0,0.0,0.0,0.0,0.0,0.0,0.0,0.0,0.0,0.0,0.0,0.0,0.0,0.0,0.0,0.0,0.0,0.0,,,,,0.0,0.0,0.0,0.0,0.0,0.0,0.0,0.0,0.0
15:05:56.824606,-1342.65,12.3,-1765.0,,,,,,,,,,,,,,,,,,,,,,,,,,,,,,,,,,,,,,,,,,,,,,,,,,,,,,,,,,,,,,,,,,,,,,,,,,,,,0.0,0.0,0.0,0.0,0.0,0.0,0.0,0.0,0.0,0.0,0.0,0.0,0.0,0.0,0.0,0.0,0.0,0.0,0.0,0.0,0.0,0.0,0.0,0.0,0.0,0.0,0.0,0.0,0.0,0.0,0.0,0.0,0.0,0.0,0.0,0.0,0.0,0.0,0.0,0.0,0.0
15:05:57.066945,-1361.25,23.7,-1767.57,49.2,-7.95,-545.71,241.8,-801.0,-1346.25,2037.3,3991.05,-4641.32,-569.85,215.7,-1054.88,2068.8,-496.35,-202.31,3023.25,-3920.1,-1548.07,3004.8,-755.4,1161.36,-3620.7,324.15,5926.82,-2434.5,631.95,-741.97,1260.75,29.55,778.51,-140.1,-82.5,253.62,-517.05,449.55,1003.82,-4807.8,-2670.3,-3724.14,406.95,-680.85,177.87,0.0,0.0,0.0,,,,,,,,,,,,,0.0,0.0,0.0,,,,,,,,,,,,,0.0,0.0,0.0,0.0,0.0,0.0,0.0,0.0,0.0,0.0,0.0,0.0,0.0,0.0,0.0,0.0,0.0,0.0,0.0,0.0,0.0,0.0,0.0,0.0,0.0,0.0,0.0,0.0,0.0,0.0,0.0,0.0,0.0,0.0,0.0,0.0,0.0,0.0,0.0,0.0,0.0,0.0,0.0,0.0,0.0
15:05:57.309566,-1353.0,25.95,-1762.24,52.5,-12.75,-545.71,238.65,-800.55,-1357.38,2034.15,3981.45,-4646.64,-565.35,219.15,-1055.85,2075.55,-495.75,-200.62,3035.1,-3932.1,-1552.19,3008.85,-759.15,1159.42,-3622.5,333.15,5908.43,-2438.25,632.4,-747.54,1232.1,46.2,820.38,-132.3,-96.9,249.02,-502.05,406.05,1041.08,-4873.95,-2911.05,-3507.55,401.4,-665.4,190.7,0.0,0.0,0.0,,,,,,,,,,,,,0.0,0.0,0.0,,,,,,,,,,,,,0.0,0.0,0.0,0.0,0.0,0.0,0.0,0.0,0.0,0.0,0.0,0.0,0.0,0.0,0.0,0.0,0.0,0.0,0.0,0.0,0.0,0.0,0.0,0.0,0.0,0.0,0.0,0.0,0.0,0.0,0.0,0.0,0.0,0.0,0.0,0.0,0.0,0.0,0.0,0.0,0.0,0.0,0.0,0.0,0.0
15:05:57.549893,-1354.05,22.2,-1762.24,52.5,-9.75,-541.6,239.4,-795.0,-1353.75,2000.7,3994.65,-4663.34,-561.9,220.5,-1044.47,2065.05,-493.2,-187.79,2925.15,-3880.05,-1489.75,3002.85,-745.05,1164.75,-3639.6,329.25,5876.73,-2438.1,641.85,-735.68,1353.3,-26.1,669.86,-185.55,-70.95,231.84,-566.55,573.15,904.6,-4632.9,-1951.5,-4321.39,421.8,-714.6,132.37,0.0,0.0,0.0,,,,,,,,,,,,,0.0,0.0,0.0,,,,,,,,,,,,,0.0,0.0,0.0,0.0,0.0,0.0,0.0,0.0,0.0,0.0,0.0,0.0,0.0,0.0,0.0,0.0,0.0,0.0,0.0,0.0,0.0,0.0,0.0,0.0,0.0,0.0,0.0,0.0,0.0,0.0,0.0,0.0,,,,,,,,,,,,,
15:05:57.785824,-1348.8,,,,,,,,,,,,,,,,,,,,,,,,,,,,,,,,,,,,,,,,,,,,,,,,,,,,,,,,,,,,,,,,,,,,,,,,,,,,,,,,,,,,,,,,,,,,,,,,,,,,,,,,,,,,,,,0.0,0.0,0.0,0.0,0.0,0.0,0.0,0.0,0.0
15:05:58.026122,-1357.2,15.45,-1.0,,,,,,,,,,,,,,,,,,,,,,,,,,,,,,,,,,,,,,,,,,,,,,,,,,,,,,,,,,,,,,,,,,,,,,,,,,,,,,,,,,,,,,,,,,,,,,,,,,,,,,,,,,,,,,,,,,,,,
15:05:58.272409,-1348.8,16.95,-1766.12,48.6,-10.05,-542.32,246.75,-794.25,-1359.8,1994.55,3983.1,-4704.24,-565.5,213.9,-1054.88,2061.75,-504.3,-158.99,2871.0,-3868.65,-1427.07,2996.1,-721.95,1161.12,-3654.75,321.75,5888.83,-2436.3,662.7,-732.78,1455.75,-127.35,447.7,-240.9,-50.55,186.58,-616.65,745.8,711.72,-4149.3,-294.6,-4943.09,444.15,-790.5,56.63,0.0,0.0,0.0,,,,,,,,,,,,,0.0,0.0,0.0,,,,,,,,,,,,,0.0,0.0,0.0,0.0,0.0,0.0,0.0,0.0,0.0,0.0,0.0,0.0,0.0,0.0,0.0,0.0,0.0,0.0,0.0,0.0,0.0,0.0,0.0,0.0,0.0,0.0,0.0,0.0,0.0,0.0,0.0,0.0,0.0,0.0,0.0,0.0,0.0,0.0,0.0,0.0,0.0,0.0,0.0,0.0,0.0
15:05:58.518438,-1356.3,14.7,-1772.89,54.75,-4.65,-538.21,247.65,-795.75,-1355.44,1975.35,3988.05,-4659.23,-569.25,216.0,-1054.39,2067.0,-506.25,-152.94,2889.75,-3868.8,-1422.72,3003.6,-721.35,1166.92,-3659.85,348.9,5879.63,-2429.55,658.8,-733.74,1464.15,-123.3,441.65,-246.15,-53.25,186.1,-616.05,754.2,698.17,-4151.85,-269.4,-4953.74,434.25,-779.7,53.97,0.0,0.0,0.0,,,,,,,,,,,,,0.0,0.0,0.0,,,,,,,,,,,,,0.0,0.0,0.0,0.0,0.0,0.0,0.0,0.0,0.0,0.0,0.0,0.0,0.0,0.0,0.0,0.0,0.0,0.0,0.0,0.0,0.0,0.0,0.0,0.0,0.0,0.0,0.0,0.0,0.0,0.0,0.0,0.0,0.0,0.0,0.0,0.0,0.0,0.0,0.0,0.0,0.0,0.0,0.0,0.0,0.0
15:05:58.765991,-1360.8,11.25,-1785.72,47.55,-13.95,-536.51,245.1,-794.55,-1355.2,1912.8,3981.9,-4530.97,-567.3,216.0,-1065.28,2096.55,-504.9,-147.86,2983.35,-3928.35,-1384.0,3002.7,-718.35,1165.23,-3672.15,392.55,5878.18,-2437.65,654.9,-730.11,1471.35,-116.25,449.39,-240.75,-60.9,178.35,-616.95,749.25,714.87,-4180.05,-283.05,-4948.66,440.85,-780.3,49.13,0.0,0.0,0.0,,,,,,,,,,,,,0.0,0.0,0.0,,,,,,,,,,,,,0.0,0.0,0.0,0.0,0.0,0.0,0.0,0.0,0.0,0.0,0.0,0.0,0.0,0.0,0.0,0.0,0.0,0.0,0.0,0.0,0.0,0.0,0.0,0.0,0.0,0.0,0.0,0.0,0.0,0.0,0.0,0.0,,,,,0.0,0.0,0.0,0.0,0.0,0.0,0.0,0.0,0.0
15:05:59.006156,-1381.05,14.1,-1.0,,,,,,,,,,,,,,,,,,,,,,,,,,,,,,,,,,,,,,,,,,,,,,,,,,,,,,,,,,,,,,,,,,,,,,,,,,,,,,,,,,,,,,,,,,,,,,,,,,,0.0,0.0,0.0,0.0,0.0,0.0,0.0,0.0,0.0,0.0,0.0,0.0,0.0,0.0,0.0,0.0,0.0,0.0,0.0
15:05:59.253096,-1381.35,23.55,-1860.25,51.0,-9.9,-556.84,237.75,-795.3,-1374.32,1621.8,3995.4,-3355.09,-581.85,218.7,-1111.02,2209.35,-465.9,-333.96,3763.05,-4362.0,-801.75,2970.6,-739.65,1141.76,-3627.0,156.9,6181.41,-2389.2,569.1,-691.88,1469.4,-117.9,441.17,-246.0,-57.3,177.63,-619.05,759.0,710.27,-4188.0,-298.35,-4877.99,469.2,-767.55,29.28,0.0,0.0,0.0,,,,,,,,,,,,,0.0,0.0,0.0,,,,,,,,,,,,,0.0,0.0,0.0,0.0,0.0,0.0,0.0,0.0,0.0,0.0,0.0,0.0,0.0,0.0,0.0,0.0,0.0,0.0,0.0,0.0,0.0,0.0,0.0,0.0,0.0,0.0,0.0,0.0,0.0,0.0,0.0,0.0,0.0,0.0,0.0,0.0,0.0,0.0,0.0,0.0,0.0,0.0,0.0,0.0,0.0
15:05:59.498730,-1376.7,15.3,-1867.27,51.3,-13.05,-546.44,243.6,-787.5,-1364.15,1623.75,3987.45,-3358.48,-582.3,221.7,-1106.42,2217.45,-466.5,-332.02,3764.85,-4359.75,-776.34,2973.0,-729.45,1150.47,-3625.95,145.35,6158.9,-2386.05,573.0,-702.04,1467.3,-116.1,439.71,-249.15,-55.2,184.4,-617.85,755.85,715.11,-4192.2,-296.55,-4883.08,459.75,-775.95,32.19,0.0,0.0,0.0,,,,,,,,,,,,,0.0,0.0,0.0,,,,,,,,,,,,,0.0,0.0,0.0,0.0,0.0,0.0,0.0,0.0,0.0,0.0,0.0,0.0,0.0,0.0,0.0,0.0,0.0,0.0,0.0,0.0,0.0,0.0,0.0,0.0,0.0,0.0,0.0,0.0,0.0,0.0,0.0,0.0,0.0,0.0,0.0,0.0,0.0,0.0,0.0,0.0,0.0,0.0,0.0,0.0,0.0
15:05:59.744694,-1380.3,19.35,-1860.74,48.3,-12.15,-556.36,243.15,-789.6,-1375.04,1618.65,3987.45,-3367.19,-578.4,223.95,-1116.83,2204.55,-460.65,-335.65,3757.8,-4364.85,-758.43,2974.65,-725.85,1139.34,-3620.25,139.5,6174.39,-2381.85,565.95,-694.78,1471.5,-121.2,439.47,-251.7,-50.7,182.71,-617.25,759.75,708.58,-4186.05,-293.85,-4881.14,463.05,-774.0,24.93,0.0,0.0,0.0,,,,,,,,,,,,,0.0,0.0,0.0,,,,,,,,,,,,,0.0,0.0,0.0,0.0,0.0,0.0,0.0,0.0,0.0,0.0,0.0,0.0,0.0,0.0,0.0,0.0,0.0,0.0,0.0,0.0,0.0,0.0,0.0,0.0,0.0,0.0,0.0,0.0,0.0,0.0,0.0,0.0,0.0,0.0,0.0,0.0,0.0,0.0,,,,,0.0,0.0,0.0
15:05:59.991054,-1387.2,19.95,-1865.09,56.25,-14.1,-556.6,241.65,-785.4,,,,,,,,,,,,,,,,,,,,,563.25,-698.65,1463.7,-117.6,436.33,-246.0,-51.3,195.78,-615.3,761.4,703.98,-4189.65,-292.95,-4888.64,457.05,-775.95,27.59,0.0,0.0,0.0,,,,,,,,,,,,,0.0,0.0,0.0,,,,,,,,,,,,,0.0,0.0,0.0,0.0,0.0,0.0,0.0,0.0,0.0,0.0,0.0,0.0,0.0,0.0,0.0,0.0,0.0,0.0,0.0,0.0,0.0,0.0,0.0,0.0,0.0,0.0,0.0,0.0,0.0,0.0,0.0,0.0,0.0,0.0,0.0,0.0,0.0,0.0,0.0,0.0,0.0,0.0,0.0,0.0,0.0
15:06:00.237500,-1381.8,20.7,-1859.29,52.05,-13.8,-554.91,243.9,-785.55,-1375.04,1611.3,3999.0,-3366.46,-577.05,223.5,-1108.12,2213.7,-449.25,-372.92,3762.3,-4369.05,-725.03,2966.85,-732.3,1144.9,-3594.6,61.2,6199.07,-2374.05,569.25,-706.64,1473.15,-116.7,440.92,-257.55,-46.05,180.29,-618.0,758.85,712.45,-4189.2,-290.25,-4885.5,462.45,-771.3,26.38,0.0,0.0,0.0,,,,,,,,,,,,,0.0,0.0,0.0,,,,,,,,,,,,,0.0,0.0,0.0,0.0,0.0,0.0,0.0,0.0,0.0,0.0,0.0,0.0,0.0,0.0,0.0,0.0,0.0,0.0,0.0,0.0,0.0,0.0,0.0,0.0,0.0,0.0,0.0,0.0,0.0,0.0,0.0,0.0,0.0,0.0,0.0,0.0,0.0,0.0,0.0,0.0,0.0,0.0,0.0,0.0,0.0
15:06:00.483950,-1387.65,24.45,-1862.19,48.3,-10.5,-550.79,242.7,-788.1,-1371.17,1600.35,4000.05,-3371.79,-583.95,221.55,-1107.39,2205.45,-447.6,-391.07,3757.2,-4375.2,-695.51,2959.8,-735.45,1153.13,-3590.55,42.0,6203.19,-2370.6,559.05,-703.25,1470.9,-117.6,439.71,-252.0,-51.3,179.08,-613.05,763.8,707.12,-4182.3,-283.65,-4886.46,462.75,-770.25,32.43,0.0,0.0,0.0,,,,,,,,,,,,,0.0,0.0,0.0,,,,,,,,,,,,,0.0,0.0,0.0,0.0,0.0,0.0,0.0,0.0,0.0,0.0,0.0,0.0,0.0,0.0,0.0,0.0,0.0,0.0,0.0,0.0,0.0,0.0,0.0,0.0,0.0,0.0,0.0,0.0,0.0,0.0,0.0,0.0,0.0,0.0,0.0,0.0,0.0,0.0,0.0,0.0,0.0,0.0,0.0,0.0,0.0
15:06:00.729138,-1392.15,23.55,-1862.67,52.5,-14.1,-552.73,243.45,-788.7,-1374.56,1584.0,4000.65,-3356.06,-585.15,228.6,-1104.97,2211.15,-442.65,-382.12,3766.65,-4380.45,-675.66,2969.85,-735.45,1153.86,-3587.7,30.9,6224.72,-2375.25,564.0,-714.63,1470.3,-116.85,440.68,-249.6,-49.35,176.66,-618.3,758.25,716.56,-4187.7,-285.0,-4878.48,461.55,-766.95,27.35,0.0,0.0,0.0,,,,,,,,,,,,,0.0,0.0,0.0,,,,,,,,,,,,,0.0,0.0,0.0,0.0,0.0,0.0,0.0,0.0,0.0,0.0,0.0,0.0,0.0,0.0,0.0,0.0,0.0,0.0,0.0,0.0,0.0,0.0,0.0,0.0,0.0,0.0,0.0,0.0,0.0,0.0,0.0,0.0,0.0,0.0,0.0,0.0,0.0,0.0,,,,,0.0,0.0,0.0
15:06:00.970335,-1384.95,27.45,-1855.17,47.85,-21.45,-552.24,244.65,-793.05,,,,,,,,,,,,,,,,,,,,,,,,,,,,,,,,,,,,,,,,,,,,,,,,,,,,,,,,,,,,,,,,,,,,,,,,,,,,,,,,,,,,,,,,,,,,,,,,,0.0,0.0,0.0,0.0,0.0,0.0,0.0,0.0,0.0,0.0,0.0,0.0,0.0,0.0,0.0,0.0
15:06:01.215833,-1381.65,20.1,-1865.58,48.3,-14.4,-558.05,251.4,-790.5,-1368.75,1521.3,3994.65,-3304.75,-589.65,226.35,-1102.55,2218.2,-441.75,-414.3,3774.6,-4434.9,-561.68,2965.05,-732.15,1152.4,-3578.7,-47.55,6245.54,-2361.45,554.7,-705.19,1467.15,-123.15,442.13,-255.75,-57.45,182.95,-616.2,760.95,716.8,-4185.15,-301.5,-4879.69,469.2,-768.0,14.52,0.0,0.0,0.0,,,,,,,,,,,,,0.0,0.0,0.0,,,,,,,,,,,,,0.0,0.0,0.0,0.0,0.0,0.0,0.0,0.0,0.0,0.0,0.0,0.0,0.0,0.0,0.0,0.0,0.0,0.0,0.0,0.0,0.0,0.0,0.0,0.0,0.0,0.0,0.0,0.0,0.0,0.0,0.0,0.0,0.0,0.0,0.0,0.0,0.0,0.0,0.0,0.0,0.0,0.0,0.0,0.0,0.0
15:06:01.456612,-1387.35,22.5,-1862.92,54.45,-13.2,-548.86,236.55,-790.2,-1376.74,1503.3,4005.45,-3293.14,-585.0,223.65,-1112.23,2214.15,-445.05,-416.24,3773.4,-4443.15,-520.06,2957.1,-732.15,1164.75,-3582.45,-64.05,6229.32,-2359.8,547.05,-705.19,1470.75,-113.7,445.28,-253.8,-51.75,182.47,-611.7,756.75,712.93,-4183.95,-313.35,-4874.36,469.35,-762.15,13.79,0.0,0.0,0.0,,,,,,,,,,,,,0.0,0.0,0.0,,,,,,,,,,,,,0.0,0.0,0.0,0.0,0.0,0.0,0.0,0.0,0.0,0.0,0.0,0.0,0.0,0.0,0.0,0.0,0.0,0.0,0.0,0.0,0.0,0.0,0.0,0.0,0.0,0.0,0.0,0.0,0.0,0.0,0.0,0.0,0.0,0.0,0.0,0.0,0.0,0.0,0.0,0.0,0.0,0.0,0.0,0.0,0.0
15:06:01.699217,-1383.45,19.8,-1861.46,52.5,-15.75,-559.99,239.7,-795.15,-1371.66,1490.4,3998.7,-3268.94,-589.05,228.3,-1119.49,2220.9,-439.95,-426.89,3767.25,-4474.95,-461.74,2962.05,-729.3,1148.77,-3584.4,-87.15,6273.12,-2356.95,550.5,-698.17,1465.35,-113.25,449.64,-249.3,-49.95,185.37,-616.5,751.05,712.45,-4189.35,-315.3,-4871.46,467.7,-766.95,26.14,0.0,0.0,0.0,,,,,,,,,,,,,0.0,0.0,0.0,,,,,,,,,,,,,0.0,0.0,0.0,0.0,0.0,0.0,0.0,0.0,0.0,0.0,0.0,0.0,0.0,0.0,0.0,0.0,0.0,0.0,0.0,0.0,0.0,0.0,0.0,0.0,0.0,0.0,0.0,0.0,0.0,0.0,0.0,0.0,,,,,0.0,0.0,0.0,0.0,0.0,0.0,0.0,0.0,0.0
15:06:01.939382,-1383.6,16.2,-18.0,,,,,,,,,,,,,,,,,,,,,1151.68,-3599.55,79.35,6123.33,-2377.05,582.3,-701.32,1469.25,-114.3,445.28,-247.95,-49.65,186.82,-617.4,759.0,708.09,-4176.3,-261.45,-4893.97,464.7,-774.9,30.73,0.0,0.0,0.0,,,,,,,,,,,,,0.0,0.0,0.0,,,,,,,,,,,,,0.0,0.0,0.0,0.0,0.0,0.0,0.0,0.0,0.0,0.0,0.0,0.0,0.0,0.0,0.0,0.0,0.0,0.0,0.0,0.0,0.0,0.0,0.0,0.0,0.0,0.0,0.0,0.0,0.0,0.0,0.0,0.0,0.0,0.0,0.0,0.0,0.0,0.0,0.0,0.0,0.0,0.0,0.0,0.0,0.0
15:06:02.179319,-1363.05,19.8,-1785.96,51.9,-6.15,-549.1,246.6,-790.95,-1361.49,1903.2,3993.6,-4457.4,-578.4,213.45,-1058.02,2046.75,-489.9,-225.06,3185.4,-3897.75,-1267.35,2994.75,-738.9,1176.12,-3591.75,172.5,5948.36,-2414.4,644.85,-732.29,1458.75,-124.2,431.0,-250.95,-50.25,186.82,-619.2,759.75,698.17,-4122.0,-195.0,-4933.9,444.6,-782.55,45.25,0.0,0.0,0.0,,,,,,,,,,,,,0.0,0.0,0.0,,,,,,,,,,,,,0.0,0.0,0.0,0.0,0.0,0.0,0.0,0.0,0.0,0.0,0.0,0.0,0.0,0.0,0.0,0.0,0.0,0.0,0.0,0.0,0.0,0.0,0.0,0.0,0.0,0.0,0.0,0.0,0.0,0.0,0.0,0.0,0.0,0.0,0.0,0.0,0.0,0.0,0.0,0.0,0.0,0.0,0.0,0.0,0.0
15:06:02.419562,-1359.9,14.85,-1782.57,52.5,-10.05,-544.5,240.9,-792.3,-1352.54,1939.65,4000.05,-4527.34,-565.2,213.9,-1060.2,2075.55,-489.75,-187.79,3127.5,-3916.8,-1313.82,2994.15,-726.3,1172.25,-3622.2,283.95,5920.29,-2425.8,642.9,-725.52,1465.8,-122.4,440.92,-248.4,-53.25,180.53,-616.2,755.25,695.27,-4120.8,-195.6,-4952.29,444.15,-785.25,42.59,0.0,0.0,0.0,,,,,,,,,,,,,0.0,0.0,0.0,,,,,,,,,,,,,0.0,0.0,0.0,0.0,0.0,0.0,0.0,0.0,0.0,0.0,0.0,0.0,0.0,0.0,0.0,0.0,0.0,0.0,0.0,0.0,0.0,0.0,0.0,0.0,0.0,0.0,0.0,0.0,0.0,0.0,0.0,0.0,0.0,0.0,0.0,0.0,0.0,0.0,0.0,0.0,0.0,0.0,0.0,0.0,0.0
15:06:02.663093,-1357.95,13.05,-1775.31,54.15,-8.55,-544.98,249.0,-792.45,-1359.31,1944.6,3986.55,-4525.16,-571.2,215.7,-1059.48,2089.5,-495.75,-188.28,3149.85,-3937.65,-1310.19,2986.35,-720.3,1169.34,-3632.7,296.1,5948.6,-2418.6,637.05,-727.45,1471.5,-122.85,437.29,-245.25,-47.1,181.02,-622.2,758.4,703.49,-4122.9,-179.4,-4948.66,441.3,-790.5,45.98,0.0,0.0,0.0,,,,,,,,,,,,,0.0,0.0,0.0,,,,,,,,,,,,,0.0,0.0,0.0,0.0,0.0,0.0,0.0,0.0,0.0,0.0,0.0,0.0,0.0,0.0,0.0,0.0,0.0,0.0,0.0,0.0,0.0,0.0,0.0,0.0,0.0,0.0,0.0,0.0,0.0,0.0,0.0,0.0,,,,,0.0,0.0,0.0,0.0,0.0,0.0,0.0,0.0,0.0
15:06:02.903973,-1382.55,16.8,-170.0,,,,,,,,,,,,,,,,,,,,,,,,,,,,,,,,,,,,,,,,,,,,,,,,,,,,,,,,,,,,,,,,,,,,,,,,,,,,,,,,,,,0.0,0.0,0.0,0.0,0.0,0.0,0.0,0.0,0.0,0.0,0.0,0.0,0.0,0.0,0.0,0.0,0.0,0.0,0.0,0.0,0.0,0.0,0.0,0.0,0.0,0.0,0.0,0.0,0.0,0.0,0.0,0.0,0.0,0.0,0.0
15:06:03.149448,-1425.3,23.1,-1805.08,68.7,-10.8,-547.4,258.0,-819.75,-1345.28,1571.7,4007.55,-3504.89,-608.1,240.9,-1093.11,2242.2,-530.4,-262.81,3795.9,-4741.05,391.8,3003.6,-736.2,1163.29,-3620.85,40.8,6182.86,-2338.2,566.7,-586.12,1475.55,-130.8,428.58,-248.7,-43.95,181.74,-620.1,767.7,698.9,-4134.9,-153.15,-4889.61,453.3,-804.45,40.41,0.0,0.0,0.0,,,,,,,,,,,,,0.0,0.0,0.0,,,,,,,,,,,,,0.0,0.0,0.0,0.0,0.0,0.0,0.0,0.0,0.0,0.0,0.0,0.0,0.0,0.0,0.0,0.0,0.0,0.0,0.0,0.0,0.0,0.0,0.0,0.0,0.0,0.0,0.0,0.0,0.0,0.0,0.0,0.0,0.0,0.0,0.0,0.0,0.0,0.0,0.0,0.0,0.0,0.0,0.0,0.0,0.0
15:06:03.394446,-1432.95,23.85,-1797.09,73.65,-20.85,-551.03,258.9,-827.25,-1334.87,1562.1,4002.75,-3482.14,-619.2,243.75,-1084.89,2219.55,-541.65,-289.19,3802.95,4903.05,874.83,3013.35,-737.4,1174.43,-3656.85,-65.1,6216.98,-2336.4,554.85,-580.07,1477.65,-135.0,414.06,-252.75,-39.6,185.13,-618.3,776.55,693.33,-4130.7,-132.9,-4881.62,456.9,-810.3,37.27,0.0,0.0,0.0,,,,,,,,,,,,,0.0,0.0,0.0,,,,,,,,,,,,,0.0,0.0,0.0,0.0,0.0,0.0,0.0,0.0,0.0,0.0,0.0,0.0,0.0,0.0,0.0,0.0,0.0,0.0,0.0,0.0,0.0,0.0,0.0,0.0,0.0,0.0,0.0,0.0,0.0,0.0,0.0,0.0,0.0,0.0,0.0,0.0,0.0,0.0,0.0,0.0,0.0,0.0,0.0,0.0,0.0
15:06:03.789517,-1440.3,15.0,-1803.14,74.4,-13.2,-551.28,262.35,-826.05,-1341.16,1550.55,3996.0,-3429.38,-622.8,244.2,-1079.32,2217.9,-553.8,-296.21,3811.95,4831.8,1117.56,3014.1,-747.15,1174.18,-3683.7,-104.55,6250.62,-2334.6,551.25,-579.59,1472.85,-139.05,423.98,-256.35,-39.15,178.35,-612.6,769.95,690.67,-4129.8,-126.75,-4876.06,455.4,-806.55,41.14,0.0,0.0,0.0,,,,,,,,,,,,,0.0,0.0,0.0,,,,,,,,,,,,,0.0,0.0,0.0,0.0,0.0,0.0,0.0,0.0,0.0,0.0,0.0,0.0,0.0,0.0,0.0,0.0,0.0,0.0,0.0,0.0,0.0,0.0,0.0,0.0,0.0,0.0,0.0,0.0,0.0,0.0,0.0,0.0,0.0,0.0,0.0,0.0,0.0,0.0,0.0,0.0,0.0,0.0,0.0,0.0,0.0
15:06:04.060581,-1376.7,8.1,-1770.96,57.75,-7.2,-544.5,254.1,-791.7,-1350.36,1846.2,3958.5,-4525.4,-587.4,213.15,-1061.17,2068.8,-521.55,-159.96,3465.15,-4065.75,-897.09,3020.1,-735.3,1177.09,-3637.35,263.7,5885.2,-2418.15,643.95,-695.02,1470.15,-131.1,424.95,-248.85,-50.4,179.32,-616.8,762.3,694.54,-4107.6,-143.25,-4926.64,442.65,-790.5,47.67,0.0,0.0,0.0,,,,,,,,,,,,,0.0,0.0,0.0,,,,,,,,,,,,,0.0,0.0,0.0,0.0,0.0,0.0,0.0,0.0,0.0,0.0,0.0,0.0,0.0,0.0,0.0,0.0,0.0,0.0,0.0,0.0,0.0,0.0,0.0,0.0,0.0,0.0,0.0,0.0,0.0,0.0,0.0,0.0,0.0,0.0,0.0,0.0,0.0,0.0,0.0,0.0,0.0,0.0,0.0,0.0,0.0
15:06:04.304442,-1357.8,16.35,-1760.31,48.9,-6.45,-537.48,249.3,-792.3,-1350.84,1915.2,3981.6,-4694.8,-569.85,214.8,-1053.67,2069.4,-508.35,-158.27,3238.35,-3974.25,-1185.56,3007.5,-723.9,1174.67,-3641.55,301.35,5883.5,-2424.3,651.0,-716.8,1467.3,-126.0,431.0,-244.2,-43.05,175.69,-616.05,761.4,700.59,-4102.8,-141.0,-4938.49,442.05,-797.25,41.14,0.0,0.0,0.0,,,,,,,,,,,,,0.0,0.0,0.0,,,,,,,,,,,,,0.0,0.0,0.0,0.0,0.0,0.0,0.0,0.0,0.0,0.0,0.0,0.0,0.0,0.0,0.0,0.0,0.0,0.0,0.0,0.0,0.0,0.0,0.0,0.0,0.0,0.0,0.0,0.0,0.0,0.0,0.0,0.0,0.0,0.0,0.0,0.0,0.0,0.0,0.0,0.0,0.0,0.0,0.0,0.0,0.0
15:06:04.548686,-1357.2,13.35,-1767.57,57.75,-7.95,-548.13,253.2,-792.15,-1347.7,1940.7,3980.25,-4746.83,-568.2,217.05,-1049.8,2067.75,-506.25,-158.27,3148.2,-3951.3,-1255.98,3002.85,-721.95,1179.27,-3651.3,318.9,5869.95,-2423.85,652.65,-718.74,1472.25,-121.95,430.28,-248.85,-50.4,181.5,-617.7,757.65,697.44,-4099.2,-149.4,-4953.98,444.75,-790.5,45.74,0.0,0.0,0.0,,,,,,,,,,,,,0.0,0.0,0.0,,,,,,,,,,,,,0.0,0.0,0.0,0.0,0.0,0.0,0.0,0.0,0.0,0.0,0.0,0.0,0.0,0.0,0.0,0.0,0.0,0.0,0.0,0.0,0.0,0.0,0.0,0.0,0.0,0.0,0.0,0.0,0.0,0.0,0.0,0.0,0.0,0.0,0.0,0.0,0.0,0.0,0.0,0.0,0.0,0.0,0.0,0.0,0.0
15:06:04.794109,-1351.05,13.35,-1759.1,56.4,-3.3,-543.05,249.15,-796.05,-1352.78,1959.9,3986.85,-4758.69,-568.2,212.25,-1052.46,2073.45,-502.35,-161.17,3123.0,-3940.8,-1289.86,3001.8,-726.0,1171.28,-3662.55,319.8,5882.78,-2428.05,655.65,-720.19,1463.25,-124.95,429.55,-242.25,-53.7,172.55,-615.9,765.0,700.83,-4099.5,-152.85,-4969.23,439.95,-787.05,42.59,0.0,0.0,0.0,,,,,,,,,,,,,0.0,0.0,0.0,,,,,,,,,,,,,0.0,0.0,0.0,0.0,0.0,0.0,0.0,0.0,0.0,0.0,0.0,0.0,0.0,0.0,0.0,0.0,0.0,0.0,0.0,0.0,0.0,0.0,0.0,0.0,0.0,0.0,0.0,0.0,0.0,0.0,0.0,0.0,0.0,0.0,0.0,0.0,0.0,0.0,0.0,0.0,0.0,0.0,0.0,0.0,0.0
15:06:05.037967,-1309.95,6.45,-1791.28,47.7,-8.4,-538.21,229.8,-771.0,-1364.4,1921.35,3989.1,-4839.52,-556.05,192.15,-1067.7,2081.7,-507.15,-163.35,3090.6,-3948.0,-1290.34,3003.0,-723.3,1173.94,-3669.9,336.75,5868.98,-2429.7,657.15,-719.71,1468.2,-123.45,427.61,-245.25,-49.5,181.74,-613.05,761.55,686.31,-4107.75,-162.3,-4960.52,439.2,-784.2,43.08,0.0,0.0,0.0,,,,,,,,,,,,,0.0,0.0,0.0,,,,,,,,,,,,,0.0,0.0,0.0,0.0,0.0,0.0,0.0,0.0,0.0,0.0,0.0,0.0,0.0,0.0,0.0,0.0,0.0,0.0,0.0,0.0,0.0,0.0,0.0,0.0,0.0,0.0,0.0,0.0,0.0,0.0,0.0,0.0,,,,,,,,,,,,,
15:06:05.277965,,,,,,,,,,,,,,,,,,,,,,,,,,,,,,,,,,,,,,,,,,,,,,,,,,,,,,,,,,,,,,,,,,,,,,,,,,,,,,,,,,,,,,,,,,,,,,,,,,,,,,,,,,,,,,,,0.0,0.0,0.0,0.0,0.0,0.0,0.0,0.0,0.0
15:06:05.516450,-1268.55,-1.65,-185.0,,,,,,,,,,,,,,,,,,,,,,,,,,,,,,,,,,,,,,,,,,,,,,,,,,,,,,,,,,,,,,,,,,,,,,,,,,,,,,,,,,,,,,,,,,,,,,,,,,,,,,,,,,,,,,,,,,,,,
15:06:05.762162,-1348.35,11.4,-1767.57,56.1,-6.0,-536.76,243.6,-789.9,-1353.75,1969.35,3979.05,-4817.01,-565.5,213.3,-1043.99,2083.35,-506.25,-160.69,3042.3,-3931.05,-1334.87,2996.25,-720.0,1170.8,-3655.95,332.7,5858.34,-2431.05,655.05,-723.58,1470.45,-129.45,430.76,-244.95,-47.1,180.05,-618.45,764.25,690.18,-4096.05,-145.2,-4958.34,441.75,-790.35,46.95,0.0,0.0,0.0,,,,,,,,,,,,,0.0,0.0,0.0,,,,,,,,,,,,,0.0,0.0,0.0,0.0,0.0,0.0,0.0,0.0,0.0,0.0,0.0,0.0,0.0,0.0,0.0,0.0,0.0,0.0,0.0,0.0,0.0,0.0,0.0,0.0,0.0,0.0,0.0,0.0,0.0,0.0,0.0,0.0,0.0,0.0,0.0,0.0,0.0,0.0,0.0,0.0,0.0,0.0,0.0,0.0,0.0
15:06:06.007256,-1319.1,17.4,-1785.48,42.9,-5.7,-543.77,234.9,-781.8,-1358.83,1955.85,3981.75,-4933.65,-559.2,205.05,-1060.93,2074.65,-504.15,-142.78,3015.45,-3928.2,-1329.55,3002.85,-712.35,1171.52,-3664.65,344.1,5861.72,-2430.75,661.05,-724.79,1472.4,-123.15,433.42,-245.7,-52.5,185.13,-611.25,759.6,695.27,-4093.65,-149.7,-4966.32,446.7,-790.65,41.62,0.0,0.0,0.0,,,,,,,,,,,,,0.0,0.0,0.0,,,,,,,,,,,,,0.0,0.0,0.0,0.0,0.0,0.0,0.0,0.0,0.0,0.0,0.0,0.0,0.0,0.0,0.0,0.0,0.0,0.0,0.0,0.0,0.0,0.0,0.0,0.0,0.0,0.0,0.0,0.0,0.0,0.0,0.0,0.0,0.0,0.0,0.0,0.0,0.0,0.0,0.0,0.0,0.0,0.0,0.0,0.0,0.0
15:06:06.251290,-1138.8,18.45,-1945.92,-7.8,-10.35,-567.49,153.9,-698.7,-1431.91,1974.0,3986.55,-5478.15,-491.1,135.9,-1127.24,2101.95,-501.15,-141.57,3005.55,-3947.55,-1312.61,3011.7,-716.4,1177.81,-3680.55,386.1,5855.19,-2429.25,659.55,-726.24,1466.25,-129.0,428.82,-241.5,-51.9,177.63,-617.4,759.6,694.78,-4110.15,-160.65,-4968.74,436.5,-789.3,48.64,0.0,0.0,0.0,,,,,,,,,,,,,0.0,0.0,0.0,,,,,,,,,,,,,0.0,0.0,0.0,0.0,0.0,0.0,0.0,0.0,0.0,0.0,0.0,0.0,0.0,0.0,0.0,0.0,0.0,0.0,0.0,0.0,0.0,0.0,0.0,0.0,0.0,0.0,0.0,0.0,0.0,0.0,0.0,0.0,,,,,0.0,0.0,0.0,0.0,0.0,0.0,0.0,0.0,0.0
15:06:06.487511,-797.85,-10.65,-2.0,,,,,,,,,,,,,,,,,,,,,,,,,,,,,,,,,,,,,,,,,,,,,,,,,,,,,,,,,,,,,,,,,,,,,,,,,,,,,,,,,,,,,,,,,,,,,,,,0.0,0.0,0.0,0.0,0.0,0.0,0.0,0.0,0.0,0.0,0.0,0.0,0.0,0.0,0.0,0.0,0.0,0.0,0.0,0.0,0.0,0.0
15:06:06.727234,-598.8,-60.6,-2348.37,-121.95,-9.45,-582.01,-74.55,-427.95,-1622.13,1937.55,4014.6,7299.45,-335.55,-88.35,-1256.95,2132.55,-516.45,-142.3,3038.85,-3971.85,-1364.64,3023.1,-702.6,1165.96,-3701.85,436.35,5871.4,-2418.9,654.6,-715.11,1458.3,-133.2,435.36,-235.05,-51.9,185.86,-617.55,749.4,705.91,-4116.9,-170.1,-4965.11,421.65,-779.55,51.06,0.0,0.0,0.0,,,,,,,,,,,,,0.0,0.0,0.0,,,,,,,,,,,,,0.0,0.0,0.0,0.0,0.0,0.0,0.0,0.0,0.0,0.0,0.0,0.0,0.0,0.0,0.0,0.0,0.0,0.0,0.0,0.0,0.0,0.0,0.0,0.0,0.0,0.0,0.0,0.0,0.0,0.0,0.0,0.0,0.0,0.0,0.0,0.0,0.0,0.0,0.0,0.0,0.0,0.0,0.0,0.0,0.0
15:06:06.966163,-593.4,-63.9,-2352.48,-124.95,-4.65,-595.08,-68.1,-424.05,-1631.56,1933.5,4016.4,7274.04,-331.95,-91.65,-1260.34,2136.0,-516.15,-142.54,3042.15,-3971.25,-1375.77,3018.9,-709.2,1149.5,-3705.75,442.65,5878.66,-2417.55,649.8,-716.56,1458.45,-124.95,435.6,-236.4,-55.2,187.07,-609.45,752.85,697.69,-4119.3,-167.7,-4967.29,422.85,-786.9,57.35,0.0,0.0,0.0,,,,,,,,,,,,,0.0,0.0,0.0,,,,,,,,,,,,,0.0,0.0,0.0,0.0,0.0,0.0,0.0,0.0,0.0,0.0,0.0,0.0,0.0,0.0,0.0,0.0,0.0,0.0,0.0,0.0,0.0,0.0,0.0,0.0,0.0,0.0,0.0,0.0,0.0,0.0,0.0,0.0,0.0,0.0,0.0,0.0,0.0,0.0,0.0,0.0,0.0,0.0,0.0,0.0,0.0
15:06:07.205666,-680.25,-33.15,-2300.94,-111.3,-1.2,-590.96,-31.2,-487.35,-1583.16,2062.5,4001.25,-7809.58,-342.15,-57.3,-1257.19,2119.5,-507.0,-138.91,2995.95,-3955.95,-1354.72,3017.4,-708.0,1158.94,-3680.85,428.85,5830.75,-2416.65,661.05,-716.56,1463.4,-126.9,434.63,-235.95,-49.95,193.6,-611.7,745.95,702.77,-4118.25,-169.5,-4970.68,425.7,-778.2,51.79,0.0,0.0,0.0,,,,,,,,,,,,,0.0,0.0,0.0,,,,,,,,,,,,,0.0,0.0,0.0,0.0,0.0,0.0,0.0,0.0,0.0,0.0,0.0,0.0,0.0,0.0,0.0,0.0,0.0,0.0,0.0,0.0,0.0,0.0,0.0,0.0,0.0,0.0,0.0,0.0,0.0,0.0,0.0,0.0,,,,,0.0,0.0,0.0,0.0,0.0,0.0,0.0,0.0,0.0
15:06:07.444362,-1178.4,8.1,-10.0,,,,,,,,,,-553.2,193.5,-1071.09,2080.65,-500.85,-155.61,2987.25,-3919.65,-1361.25,2998.65,-719.1,1171.04,-3657.3,340.2,5887.86,-2426.4,659.85,-732.78,1464.0,-129.45,423.98,-249.45,-48.9,186.58,-620.4,757.05,697.2,-4099.05,-137.85,-4966.81,440.1,-790.95,46.22,0.0,0.0,0.0,,,,,,,,,,,,,0.0,0.0,0.0,,,,,,,,,,,,,0.0,0.0,0.0,0.0,0.0,0.0,0.0,0.0,0.0,0.0,0.0,0.0,0.0,0.0,0.0,0.0,0.0,0.0,0.0,0.0,0.0,0.0,0.0,0.0,0.0,0.0,0.0,0.0,0.0,0.0,0.0,0.0,0.0,0.0,0.0,0.0,0.0,0.0,0.0,0.0,0.0,0.0,0.0,0.0,0.0
15:06:07.682919,-1315.95,9.45,-1810.16,44.7,-8.55,-551.52,232.2,-771.75,-1361.98,1979.7,3991.95,-4787.73,-559.05,195.45,-1073.51,2079.75,-500.25,-162.14,2983.5,-3911.4,-1365.36,2996.85,-721.5,1171.76,-3660.75,335.85,5899.96,-2422.8,654.45,-726.97,1466.1,-128.1,425.68,-243.15,-55.8,180.29,-621.45,754.65,705.91,-4093.05,-140.55,-4965.84,441.15,-787.05,45.5,0.0,0.0,0.0,,,,,,,,,,,,,0.0,0.0,0.0,,,,,,,,,,,,,0.0,0.0,0.0,0.0,0.0,0.0,0.0,0.0,0.0,0.0,0.0,0.0,0.0,0.0,0.0,0.0,0.0,0.0,0.0,0.0,0.0,0.0,0.0,0.0,0.0,0.0,0.0,0.0,0.0,0.0,0.0,0.0,0.0,0.0,0.0,0.0,0.0,0.0,0.0,0.0,0.0,0.0,0.0,0.0,0.0
15:06:07.927285,-1323.45,9.45,-1794.43,44.1,-8.25,-541.35,234.15,-773.55,-1360.77,1989.3,3986.4,-4772.97,-557.25,195.9,-1067.7,2076.9,-506.4,-162.14,2986.05,-3913.2,-1377.46,2992.2,-711.9,1164.02,-3661.05,339.0,5868.5,-2418.75,652.35,-729.39,1462.05,-124.2,425.68,-247.05,-54.0,183.19,-612.3,755.4,679.05,-4090.95,-137.7,-4969.95,441.3,-788.4,45.01,0.0,0.0,0.0,,,,,,,,,,,,,0.0,0.0,0.0,,,,,,,,,,,,,0.0,0.0,0.0,0.0,0.0,0.0,0.0,0.0,0.0,0.0,0.0,0.0,0.0,0.0,0.0,0.0,0.0,0.0,0.0,0.0,0.0,0.0,0.0,0.0,0.0,0.0,0.0,0.0,0.0,0.0,0.0,0.0,0.0,0.0,0.0,0.0,0.0,0.0,0.0,0.0,0.0,0.0,0.0,0.0,0.0
15:06:08.171387,-1326.45,6.6,-1796.37,47.85,-5.25,-546.19,236.25,-777.75,-1366.82,1980.9,3987.15,-4777.56,-558.75,202.5,-1058.75,2084.1,-496.65,-162.62,2983.05,-3910.35,-1388.11,2996.1,-715.8,1173.94,-3654.45,344.1,5872.37,-2430.3,658.95,-735.44,1467.3,-123.0,432.45,-244.5,-53.4,177.63,-616.8,761.7,702.04,-4089.15,-142.05,-4965.36,443.4,-787.35,40.17,0.0,0.0,0.0,,,,,,,,,,,,,0.0,0.0,0.0,,,,,,,,,,,,,0.0,0.0,0.0,0.0,0.0,0.0,0.0,0.0,0.0,0.0,0.0,0.0,0.0,0.0,0.0,0.0,0.0,0.0,0.0,0.0,0.0,0.0,0.0,0.0,0.0,0.0,0.0,0.0,0.0,0.0,0.0,0.0,0.0,0.0,0.0,0.0,0.0,0.0,0.0,0.0,0.0,0.0,0.0,0.0,0.0
15:06:08.414011,-1334.1,10.8,-1791.28,44.55,-5.1,-547.16,241.2,-777.45,-1359.56,1982.25,3982.8,-4775.14,-555.6,202.05,-1060.93,2079.75,-502.05,-150.77,2975.25,-3908.1,-1379.88,2993.1,-717.9,1167.41,-3652.35,338.1,5873.34,-2426.7,660.9,-732.53,1472.55,-126.6,426.65,-250.5,-52.35,177.39,-620.1,759.15,686.55,-4096.65,-144.0,-4971.16,443.25,-784.5,40.41,0.0,0.0,0.0,,,,,,,,,,,,,0.0,0.0,0.0,,,,,,,,,,,,,0.0,0.0,0.0,0.0,0.0,0.0,0.0,0.0,0.0,0.0,0.0,0.0,0.0,0.0,0.0,0.0,0.0,0.0,0.0,0.0,0.0,0.0,0.0,0.0,0.0,0.0,0.0,0.0,0.0,0.0,0.0,0.0,0.0,0.0,0.0,0.0,0.0,0.0,0.0,,,,0.0,0.0,0.0
15:06:08.650794,-1333.5,9.9,-1787.17,44.1,0.9,-549.58,240.6,-779.85,,,,,,,,,,,,,,,,,,,,,,,,,,,,,,,,,,,,,,,,,,,,,,,,,,,,,,,,,,,,,,,,,,,,,,,,,,,,,,,,,,,,,,,,,,,,,,,,,,,,,,,,,,,0.0,0.0,0.0,0.0,0.0,0.0
15:06:08.893263,-1335.45,5.1,-1782.09,47.4,-6.9,-540.39,237.6,-785.4,-1349.63,1983.0,3985.65,-4767.64,-560.1,204.75,-1055.12,2078.25,-495.3,-169.88,2970.9,-3904.05,-1380.13,2997.9,-712.8,1170.07,-3658.05,334.05,5866.81,-2433.0,663.75,-720.92,1471.2,-125.7,422.53,-248.25,-51.9,178.11,-615.6,759.15,685.59,-4088.7,-141.3,-4968.5,444.15,-788.55,52.03,0.0,0.0,0.0,,,,,,,,,,,,,0.0,0.0,0.0,,,,,,,,,,,,,0.0,0.0,0.0,0.0,0.0,0.0,0.0,0.0,0.0,0.0,0.0,0.0,0.0,0.0,0.0,0.0,0.0,0.0,0.0,0.0,0.0,0.0,0.0,0.0,0.0,0.0,0.0,0.0,0.0,0.0,0.0,0.0,0.0,0.0,0.0,0.0,0.0,0.0,0.0,0.0,0.0,0.0,0.0,0.0,0.0
15:06:09.135202,-1338.45,7.05,-1781.36,47.55,-7.8,-534.58,238.35,-779.25,-1349.63,1982.1,3979.5,-4774.18,-568.05,213.3,-1052.94,2076.0,-500.55,-163.35,2957.25,-3896.7,-1371.9,2994.9,-717.0,1169.34,-3650.4,339.9,5877.21,-2424.15,655.2,-735.44,1466.55,-123.3,425.68,-243.6,-53.85,177.63,-613.95,762.3,691.88,-4092.0,-137.7,-4964.87,442.65,-786.9,43.32,0.0,0.0,0.0,,,,,,,,,,,,,0.0,0.0,0.0,,,,,,,,,,,,,0.0,0.0,0.0,0.0,0.0,0.0,0.0,0.0,0.0,0.0,0.0,0.0,0.0,0.0,0.0,0.0,0.0,0.0,0.0,0.0,0.0,0.0,0.0,0.0,0.0,0.0,0.0,0.0,0.0,0.0,0.0,0.0,0.0,0.0,0.0,0.0,0.0,0.0,0.0,0.0,0.0,0.0,0.0,0.0,0.0
15:06:09.376914,-1339.05,9.9,-1779.18,45.9,-5.1,-544.02,239.85,-785.55,-1357.38,1980.15,3948.3,-4773.21,-562.05,209.7,-1051.73,2077.8,-500.85,-158.99,2968.95,-3897.75,-1381.82,3000.9,-710.4,1165.71,-3657.15,336.9,5874.31,-2428.05,650.7,-733.26,1468.65,-125.7,427.13,-246.15,-51.3,174.0,-618.15,764.1,700.83,-4083.6,-135.6,-4969.23,443.7,-789.9,43.56,0.0,0.0,0.0,,,,,,,,,,,,,0.0,0.0,0.0,,,,,,,,,,,,,0.0,0.0,0.0,0.0,0.0,0.0,0.0,0.0,0.0,0.0,0.0,0.0,0.0,0.0,0.0,0.0,0.0,0.0,0.0,0.0,0.0,0.0,0.0,0.0,0.0,0.0,0.0,0.0,0.0,0.0,0.0,0.0,0.0,0.0,0.0,0.0,0.0,0.0,,,,,0.0,0.0,0.0
15:06:09.617451,-1336.95,13.05,-1781.12,56.7,-7.35,-540.14,239.55,-783.75,,,,,,,,,,,,,,,,,,,,,653.25,-738.34,1467.15,-122.1,428.34,-245.85,-48.75,181.74,-615.9,765.9,697.44,-4091.7,-135.0,-4970.2,444.0,-787.65,45.74,0.0,0.0,0.0,,,,,,,,,,,,,0.0,0.0,0.0,,,,,,,,,,,,,0.0,0.0,0.0,0.0,0.0,0.0,0.0,0.0,0.0,0.0,0.0,0.0,0.0,0.0,0.0,0.0,0.0,0.0,0.0,0.0,0.0,0.0,0.0,0.0,0.0,0.0,0.0,0.0,0.0,0.0,0.0,0.0,0.0,0.0,0.0,0.0,0.0,0.0,0.0,0.0,0.0,0.0,0.0,0.0,0.0
15:06:09.859741,-1342.35,6.9,-1762.73,46.5,-3.6,-537.24,246.0,-781.5,-1351.57,1981.2,3968.7,-4763.77,-567.15,207.45,-1059.48,2075.55,-494.25,-166.25,2949.75,-3897.6,-1384.97,2995.95,-719.1,1167.41,-3657.45,334.2,5854.95,-2426.25,659.4,-726.24,1467.6,-120.45,428.82,-247.65,-55.05,175.21,-618.75,762.75,684.62,-4085.55,-136.65,-4976.49,441.0,-788.1,47.43,0.0,0.0,0.0,,,,,,,,,,,,,0.0,0.0,0.0,,,,,,,,,,,,,0.0,0.0,0.0,0.0,0.0,0.0,0.0,0.0,0.0,0.0,0.0,0.0,0.0,0.0,0.0,0.0,0.0,0.0,0.0,0.0,0.0,0.0,0.0,0.0,0.0,0.0,0.0,0.0,0.0,0.0,0.0,0.0,0.0,0.0,0.0,0.0,0.0,0.0,0.0,0.0,0.0,0.0,0.0,0.0,0.0
15:06:10.102601,-1338.15,9.6,-1771.92,51.6,-1.95,-546.19,239.7,-781.95,-1350.84,1983.6,3967.8,-4773.45,-560.7,213.0,-1063.59,2079.45,-499.2,-157.78,2945.7,-3894.6,-1391.98,2993.55,-717.45,1170.55,-3650.85,340.05,5854.71,-2426.55,657.6,-735.2,1465.95,-121.95,417.93,-246.45,-49.95,179.32,-618.45,758.25,695.51,-4089.0,-130.35,-4971.89,444.9,-783.75,50.58,0.0,0.0,0.0,,,,,,,,,,,,,0.0,0.0,0.0,,,,,,,,,,,,,0.0,0.0,0.0,0.0,0.0,0.0,0.0,0.0,0.0,0.0,0.0,0.0,0.0,0.0,0.0,0.0,0.0,0.0,0.0,0.0,0.0,0.0,0.0,0.0,0.0,0.0,0.0,0.0,0.0,0.0,0.0,0.0,0.0,0.0,0.0,0.0,0.0,0.0,0.0,0.0,0.0,0.0,0.0,0.0,0.0
15:06:10.344837,-1345.8,9.3,-1765.63,53.25,-1.2,-550.31,240.75,-785.25,-1356.65,1982.4,3981.6,-4771.51,-566.85,213.3,-1059.96,2080.65,-495.75,-159.72,2950.95,-3894.9,-1383.03,2996.85,-718.35,1170.31,-3652.5,341.4,5871.4,-2429.85,658.35,-735.92,1463.25,-124.5,434.63,-247.8,-53.55,181.26,-614.25,761.55,682.44,-4092.45,-136.8,-4963.18,441.6,-793.65,35.57,0.0,0.0,0.0,,,,,,,,,,,,,0.0,0.0,0.0,,,,,,,,,,,,,0.0,0.0,0.0,0.0,0.0,0.0,0.0,0.0,0.0,0.0,0.0,0.0,0.0,0.0,0.0,0.0,0.0,0.0,0.0,0.0,0.0,0.0,0.0,0.0,0.0,0.0,0.0,0.0,0.0,0.0,0.0,0.0,0.0,0.0,0.0,0.0,0.0,0.0,,,,,0.0,0.0,0.0
15:06:10.582661,-1347.6,9.0,-1774.59,50.4,-9.45,-531.67,242.1,-786.9,,,,,,,,,,,,,,,,,,,,,,,,,,,,,,,,,,,,,,,,,,,,,,,,,,,,,,,,,,,,,,,,,,,,,,,,,,,,,,,,,,,,,,,,0.0,0.0,0.0,0.0,0.0,0.0,0.0,0.0,0.0,0.0,0.0,0.0,0.0,0.0,0.0,0.0,0.0,0.0,0.0,0.0,0.0,0.0,0.0,0.0,0.0
15:06:10.825873,-1349.7,14.25,-1769.99,45.15,-12.45,-540.63,241.65,-786.45,-1359.07,1986.6,3979.95,-4777.56,-565.65,209.55,-1058.02,2075.7,-504.3,-155.12,2940.75,-3894.75,-1391.98,3004.2,-714.6,1175.15,-3655.05,338.4,5878.42,-2425.05,652.95,-731.57,1473.0,-122.1,424.71,-245.1,-47.7,180.53,-620.7,757.35,686.55,-4083.9,-135.3,-4968.5,438.6,-792.3,48.16,0.0,0.0,0.0,,,,,,,,,,,,,0.0,0.0,0.0,,,,,,,,,,,,,0.0,0.0,0.0,0.0,0.0,0.0,0.0,0.0,0.0,0.0,0.0,0.0,0.0,0.0,0.0,0.0,0.0,0.0,0.0,0.0,0.0,0.0,0.0,0.0,0.0,0.0,0.0,0.0,0.0,0.0,0.0,0.0,0.0,0.0,0.0,0.0,0.0,0.0,0.0,0.0,0.0,0.0,0.0,0.0,0.0
15:06:11.067804,-1343.1,9.9,-1772.17,44.4,-4.2,-540.39,254.7,-784.5,-1353.02,1980.9,3988.5,-4777.81,-568.95,214.05,-1054.88,2074.2,-499.8,-150.04,2940.0,-3896.4,-1399.24,2996.85,-720.45,1171.76,-3652.5,336.6,5865.6,-2430.0,658.2,-738.1,1468.8,-121.95,426.65,-246.0,-46.35,180.53,-613.2,762.9,692.6,-4084.8,-128.55,-4972.62,440.1,-783.6,44.53,0.0,0.0,0.0,,,,,,,,,,,,,0.0,0.0,0.0,,,,,,,,,,,,,0.0,0.0,0.0,0.0,0.0,0.0,0.0,0.0,0.0,0.0,0.0,0.0,0.0,0.0,0.0,0.0,0.0,0.0,0.0,0.0,0.0,0.0,0.0,0.0,0.0,0.0,0.0,0.0,0.0,0.0,0.0,0.0,0.0,0.0,0.0,0.0,0.0,0.0,0.0,0.0,0.0,0.0,0.0,0.0,0.0
15:06:11.306350,-1342.95,12.0,-1769.99,48.9,-4.8,-537.48,245.1,-788.4,-1351.09,1987.5,3978.0,-4776.84,-569.55,211.5,-1050.28,2074.2,-499.35,-161.41,2938.8,-3893.4,-1397.31,2992.35,-712.05,1176.85,-3650.4,339.15,5872.61,-2424.3,656.85,-724.79,1469.4,-126.45,429.55,-243.6,-50.25,184.89,-619.95,762.45,690.67,-4087.8,-131.55,-4965.36,444.0,-790.5,39.2,0.0,0.0,0.0,,,,,,,,,,,,,0.0,0.0,0.0,,,,,,,,,,,,,0.0,0.0,0.0,0.0,0.0,0.0,0.0,0.0,0.0,0.0,0.0,0.0,0.0,0.0,0.0,0.0,0.0,0.0,0.0,0.0,0.0,0.0,0.0,0.0,0.0,0.0,0.0,0.0,0.0,0.0,0.0,0.0,,,,,0.0,0.0,0.0,0.0,0.0,0.0,0.0,0.0,0.0
15:06:11.543265,-1343.85,10.8,-17.0,,,,,,,,,,-566.85,214.8,-1047.13,2075.4,-498.45,-155.85,2937.45,-3898.05,-1392.23,2994.6,-717.45,1173.7,-3649.5,334.8,5843.57,-2425.65,661.35,-735.92,1469.55,-125.55,433.66,-237.15,-54.0,178.11,-615.9,762.3,688.49,-4095.3,-130.05,-4967.29,442.35,-782.85,41.62,0.0,0.0,0.0,,,,,,,,,,,,,0.0,0.0,0.0,,,,,,,,,,,,,0.0,0.0,0.0,0.0,0.0,0.0,0.0,0.0,0.0,0.0,0.0,0.0,0.0,0.0,0.0,0.0,0.0,0.0,0.0,0.0,0.0,0.0,0.0,0.0,0.0,0.0,0.0,0.0,0.0,0.0,0.0,0.0,0.0,0.0,0.0,0.0,0.0,0.0,0.0,0.0,0.0,0.0,0.0,0.0,0.0
15:06:11.779758,-1341.0,7.5,-1777.25,49.5,-8.55,-541.6,247.65,-787.35,-1347.21,1984.35,3977.25,-4774.9,-570.0,214.2,-1049.07,2072.4,-496.65,-151.49,2938.5,-3890.25,-1401.42,2994.6,-725.7,1167.17,-3649.05,340.65,5862.69,-2428.35,661.2,-731.81,1468.2,-127.35,425.44,-246.0,-49.35,179.32,-614.25,757.35,691.39,-4080.6,-126.6,-4974.79,439.95,-788.1,42.59,0.0,0.0,0.0,,,,,,,,,,,,,0.0,0.0,0.0,,,,,,,,,,,,,0.0,0.0,0.0,0.0,0.0,0.0,0.0,0.0,0.0,0.0,0.0,0.0,0.0,0.0,0.0,0.0,0.0,0.0,0.0,0.0,0.0,0.0,0.0,0.0,0.0,0.0,0.0,0.0,0.0,0.0,0.0,0.0,0.0,0.0,0.0,0.0,0.0,0.0,0.0,0.0,0.0,0.0,0.0,0.0,0.0
15:06:12.015522,-1343.25,19.2,-1767.08,52.35,-1.95,-539.66,247.35,-784.05,-1353.99,1984.35,3982.05,-4773.45,-564.15,213.3,-1052.22,2076.45,-501.0,-156.82,2936.25,-3894.45,-1391.02,2993.4,-719.4,1175.88,-3653.7,336.9,5861.24,-2428.65,653.1,-732.78,1467.45,-128.4,426.4,-238.5,-53.85,183.44,-618.9,763.35,687.52,-4085.85,-134.4,-4974.07,435.0,-791.1,48.16,0.0,0.0,0.0,,,,,,,,,,,,,0.0,0.0,0.0,,,,,,,,,,,,,0.0,0.0,0.0,0.0,0.0,0.0,0.0,0.0,0.0,0.0,0.0,0.0,0.0,0.0,0.0,0.0,0.0,0.0,0.0,0.0,0.0,0.0,0.0,0.0,0.0,0.0,0.0,0.0,0.0,0.0,0.0,0.0,0.0,0.0,0.0,0.0,0.0,0.0,0.0,0.0,0.0,0.0,0.0,0.0,0.0
15:06:12.252793,-1351.35,10.65,-1762.97,50.1,-3.0,-533.61,244.05,-788.4,-1347.46,1986.0,3976.65,-4788.94,-569.25,219.15,-1045.2,2070.75,-502.05,-160.45,2928.0,-3890.4,-1395.61,2994.45,-711.6,1165.23,-3658.8,344.4,5875.76,-2428.5,658.05,-733.99,1470.6,-127.95,429.07,-248.25,-46.35,179.08,-615.9,757.2,687.28,-4086.0,-131.1,-4965.84,441.6,-788.4,50.58,0.0,0.0,0.0,,,,,,,,,,,,,0.0,0.0,0.0,,,,,,,,,,,,,0.0,0.0,0.0,0.0,0.0,0.0,0.0,0.0,0.0,0.0,0.0,0.0,0.0,0.0,0.0,0.0,0.0,0.0,0.0,0.0,0.0,0.0,0.0,0.0,0.0,0.0,0.0,0.0,0.0,0.0,0.0,0.0,0.0,0.0,0.0,0.0,0.0,0.0,0.0,0.0,0.0,0.0,0.0,0.0,0.0
15:06:12.489254,-1347.0,7.8,-1772.89,58.8,-7.5,-541.6,239.85,-792.15,-1355.44,1979.25,3981.0,-4772.72,-570.3,214.8,-1054.39,2080.8,-503.4,-160.45,2924.7,-3886.8,-1394.4,2994.0,-720.45,1175.39,-3656.25,330.9,5859.06,-2429.25,656.85,-721.64,1471.5,-126.0,422.05,-243.0,-48.0,167.22,-616.65,761.7,691.88,-4087.5,-130.5,-4959.31,444.6,-788.55,36.3,0.0,0.0,0.0,,,,,,,,,,,,,0.0,0.0,0.0,,,,,,,,,,,,,0.0,0.0,0.0,0.0,0.0,0.0,0.0,0.0,0.0,0.0,0.0,0.0,0.0,0.0,0.0,0.0,0.0,0.0,0.0,0.0,0.0,0.0,0.0,0.0,0.0,0.0,0.0,0.0,0.0,0.0,0.0,0.0,,,,,0.0,0.0,0.0,0.0,0.0,0.0,0.0,0.0,0.0
15:06:12.726801,-1350.3,10.95,-1762.0,,,,,,,,,,,,,,,,,,,,,,,,,,,,,,,,,,,,,,,,,,,,,,,,,,,,,,,,,,,,,,,,,,,,,,,,,,,,,,,,,,,,,,,,,,,,,,,,0.0,0.0,0.0,0.0,0.0,0.0,0.0,0.0,0.0,0.0,0.0,0.0,0.0,0.0,0.0,0.0,0.0,0.0,0.0,0.0,0.0,0.0
15:06:12.969124,-1343.25,10.95,-1763.7,49.95,-7.35,-536.03,245.7,-792.0,-1351.81,1980.6,3947.1,-4785.79,-565.2,214.5,-1048.59,2073.3,-499.05,-158.27,2926.2,-3888.75,-1397.79,2990.4,-720.9,1172.25,-3654.15,337.95,5904.32,-2425.95,658.65,-726.24,1462.8,-129.0,425.19,-246.75,-47.1,180.05,-619.5,760.05,689.22,-4081.35,-123.15,-4969.23,445.2,-791.25,44.53,0.0,0.0,0.0,,,,,,,,,,,,,0.0,0.0,0.0,,,,,,,,,,,,,0.0,0.0,0.0,0.0,0.0,0.0,0.0,0.0,0.0,0.0,0.0,0.0,0.0,0.0,0.0,0.0,0.0,0.0,0.0,0.0,0.0,0.0,0.0,0.0,0.0,0.0,0.0,0.0,0.0,0.0,0.0,0.0,0.0,0.0,0.0,0.0,0.0,0.0,0.0,0.0,0.0,0.0,0.0,0.0,0.0
15:06:13.211351,-1345.8,11.7,-1771.92,58.8,-7.05,-530.95,247.2,-788.1,-1355.68,1981.5,3966.15,-4779.5,-562.5,218.1,-1049.8,2076.75,-500.1,-153.67,2928.0,-3887.55,-1385.21,3000.15,-715.95,1180.23,-3651.45,337.5,5894.39,-2425.65,658.35,-732.29,1466.25,-127.2,416.0,-239.85,-50.1,174.48,-612.75,759.15,691.39,-4087.95,-128.1,-4966.81,441.9,-789.0,46.22,0.0,0.0,0.0,,,,,,,,,,,,,0.0,0.0,0.0,,,,,,,,,,,,,0.0,0.0,0.0,0.0,0.0,0.0,0.0,0.0,0.0,0.0,0.0,0.0,0.0,0.0,0.0,0.0,0.0,0.0,0.0,0.0,0.0,0.0,0.0,0.0,0.0,0.0,0.0,0.0,0.0,0.0,0.0,0.0,0.0,0.0,0.0,0.0,0.0,0.0,0.0,0.0,0.0,0.0,0.0,0.0,0.0
15:06:13.454594,-1347.45,8.1,-1760.07,51.15,-3.0,-538.21,250.5,-781.8,-1349.15,1980.75,3970.35,-4791.12,-563.85,211.5,-1047.38,2069.55,-500.85,-157.06,2926.65,-3885.6,-1393.19,2994.45,-722.1,1169.59,-3655.5,339.0,5870.44,-2419.5,663.9,-735.2,1470.45,-123.9,424.95,-245.85,-55.5,182.71,-616.05,760.95,693.09,-4090.5,-126.6,-4973.1,445.35,-792.3,47.92,0.0,0.0,0.0,,,,,,,,,,,,,0.0,0.0,0.0,,,,,,,,,,,,,0.0,0.0,0.0,0.0,0.0,0.0,0.0,0.0,0.0,0.0,0.0,0.0,0.0,0.0,0.0,0.0,0.0,0.0,0.0,0.0,0.0,0.0,0.0,0.0,0.0,0.0,0.0,0.0,0.0,0.0,0.0,0.0,,,,,0.0,0.0,0.0,0.0,0.0,0.0,0.0,0.0,0.0
15:06:13.696423,-1347.3,15.6,-17698.0,,,,,,,,,,,,,,,-163.35,2921.55,-3891.75,-1399.49,2990.25,-717.45,1168.13,-3648.15,334.05,5861.72,-2428.5,657.0,-733.26,1468.35,-125.85,420.84,-247.8,-48.3,178.35,-614.4,754.05,691.39,-4085.25,-126.6,-4966.81,437.7,-792.9,53.72,0.0,0.0,0.0,,,,,,,,,,,,,0.0,0.0,0.0,,,,,,,,,,,,,0.0,0.0,0.0,0.0,0.0,0.0,0.0,0.0,0.0,0.0,0.0,0.0,0.0,0.0,0.0,0.0,0.0,0.0,0.0,0.0,0.0,0.0,0.0,0.0,0.0,0.0,0.0,0.0,0.0,0.0,0.0,0.0,0.0,0.0,0.0,0.0,0.0,0.0,0.0,0.0,0.0,0.0,0.0,0.0,0.0
15:06:13.940718,-1355.55,6.75,-1769.75,54.9,-7.8,-534.34,245.4,-789.15,-1348.42,1983.15,3973.5,-4792.81,-571.2,210.75,-1048.1,2073.6,-496.35,-156.09,2916.6,-3878.7,-1403.6,2997.0,-721.65,1173.22,-3658.05,336.6,5876.73,-2427.9,652.65,-731.32,1466.7,-124.8,428.58,-244.35,-48.9,182.95,-616.05,758.55,680.02,-4083.45,-121.2,-4969.71,439.8,-784.35,49.61,0.0,0.0,0.0,,,,,,,,,,,,,0.0,0.0,0.0,,,,,,,,,,,,,0.0,0.0,0.0,0.0,0.0,0.0,0.0,0.0,0.0,0.0,0.0,0.0,0.0,0.0,0.0,0.0,0.0,0.0,0.0,0.0,0.0,0.0,0.0,0.0,0.0,0.0,0.0,0.0,0.0,0.0,0.0,0.0,0.0,0.0,0.0,0.0,0.0,0.0,0.0,0.0,0.0,0.0,0.0,0.0,0.0
15:06:14.187024,-1352.7,15.15,-1763.21,55.65,-6.3,-539.9,239.4,-789.6,-1354.23,1986.0,3972.0,-4782.16,-569.25,202.5,-1044.96,2075.1,-494.25,-166.74,2912.85,-3885.45,-1396.1,2996.25,-714.75,1171.04,-3654.75,344.85,5852.53,-2433.45,658.5,-727.94,1463.85,-122.55,419.39,-242.7,-56.1,175.21,-614.55,766.5,689.7,-4089.0,-128.55,-4973.58,443.85,-786.15,37.03,0.0,0.0,0.0,,,,,,,,,,,,,0.0,0.0,0.0,,,,,,,,,,,,,0.0,0.0,0.0,0.0,0.0,0.0,0.0,0.0,0.0,0.0,0.0,0.0,0.0,0.0,0.0,0.0,0.0,0.0,0.0,0.0,0.0,0.0,0.0,0.0,0.0,0.0,0.0,0.0,0.0,0.0,0.0,0.0,0.0,0.0,0.0,0.0,0.0,0.0,0.0,0.0,0.0,0.0,0.0,0.0,0.0
15:06:14.431201,-1350.6,6.45,-1760.07,48.45,-8.25,-543.29,249.45,-788.7,-1345.76,1982.4,3959.25,-4787.49,-565.8,214.8,-1052.94,2074.65,-498.15,-162.62,2920.35,-3878.7,-1402.15,2994.9,-717.3,1175.39,-3661.2,342.9,5862.45,-2428.5,662.55,-737.13,1468.8,-127.65,426.16,-243.0,-54.75,179.81,-610.65,760.35,680.75,-4079.4,-121.05,-4969.71,441.45,-789.6,43.8,0.0,0.0,0.0,,,,,,,,,,,,,0.0,0.0,0.0,,,,,,,,,,,,,0.0,0.0,0.0,0.0,0.0,0.0,0.0,0.0,0.0,0.0,0.0,0.0,0.0,0.0,0.0,0.0,0.0,0.0,0.0,0.0,0.0,0.0,0.0,0.0,0.0,0.0,0.0,0.0,0.0,0.0,0.0,0.0,0.0,0.0,0.0,0.0,0.0,0.0,0.0,0.0,0.0,0.0,0.0,0.0,0.0
15:06:14.677408,-1350.6,11.7,-1765.87,49.95,-4.35,-547.89,246.45,-784.95,-1350.6,1978.8,3979.65,-4780.23,-564.6,209.7,-1050.04,2078.7,-504.3,-153.43,2916.75,-3882.3,-1402.87,2991.9,-716.85,1174.43,-3655.8,343.2,5844.06,-2425.05,656.1,-739.79,1470.9,-126.3,427.86,-246.15,-46.5,178.11,-615.75,755.4,691.64,-4075.5,-128.25,-4974.79,444.6,-790.35,47.43,0.0,0.0,0.0,,,,,,,,,,,,,0.0,0.0,0.0,,,,,,,,,,,,,0.0,0.0,0.0,0.0,0.0,0.0,0.0,0.0,0.0,0.0,0.0,0.0,0.0,0.0,0.0,0.0,0.0,0.0,0.0,0.0,0.0,0.0,0.0,0.0,0.0,0.0,0.0,0.0,0.0,0.0,0.0,0.0,,,,,0.0,0.0,0.0,0.0,0.0,0.0,0.0,0.0,0.0
15:06:14.921618,-1344.75,11.1,-17763.7,48.15,-4.2,-546.44,250.35,-784.2,-1345.76,1984.2,3982.2,-4770.79,-564.45,209.55,-1042.54,2078.55,-501.3,-159.96,2915.25,-3886.05,-1404.57,2994.9,-718.05,1173.94,-3654.6,337.2,5848.41,-2427.3,653.25,-730.11,1465.2,-121.65,422.29,-242.25,-52.5,175.45,-618.3,761.25,692.85,-4084.65,-123.9,-4979.88,435.0,-795.6,42.35,0.0,0.0,0.0,,,,,,,,,,,,,0.0,0.0,0.0,,,,,,,,,,,,,0.0,0.0,0.0,0.0,0.0,0.0,0.0,0.0,0.0,0.0,0.0,0.0,0.0,0.0,0.0,0.0,0.0,0.0,0.0,0.0,0.0,0.0,0.0,0.0,0.0,0.0,0.0,0.0,0.0,0.0,0.0,0.0,0.0,0.0,0.0,0.0,0.0,0.0,0.0,0.0,0.0,0.0,0.0,0.0,0.0
15:06:15.166238,-1344.9,11.1,-1756.44,60.75,-2.55,-537.97,246.0,-786.6,-1340.68,1983.6,3973.2,-4774.18,-566.7,210.0,-1047.38,2071.2,-497.7,-157.54,2907.45,-3879.75,-1393.68,2993.1,-718.8,1173.7,-3647.7,336.75,5860.03,-2428.35,655.35,-736.89,1468.8,-126.75,423.02,-244.05,-50.4,173.27,-617.4,759.15,695.51,-4087.8,-128.1,-4974.79,445.65,-782.7,44.04,0.0,0.0,0.0,,,,,,,,,,,,,0.0,0.0,0.0,,,,,,,,,,,,,0.0,0.0,0.0,0.0,0.0,0.0,0.0,0.0,0.0,0.0,0.0,0.0,0.0,0.0,0.0,0.0,0.0,0.0,0.0,0.0,0.0,0.0,0.0,0.0,0.0,0.0,0.0,0.0,0.0,0.0,0.0,0.0,0.0,0.0,0.0,0.0,0.0,0.0,0.0,0.0,0.0,0.0,0.0,0.0,0.0
15:06:15.410997,-1346.25,13.8,-1763.21,54.15,-6.75,-549.82,252.9,-792.3,-1341.41,1980.9,3982.35,-4784.58,-566.25,213.6,-1055.36,2073.75,-495.6,-155.85,2917.35,-3886.65,-1403.6,2988.75,-719.85,1173.46,-3649.65,340.5,5847.2,-2428.95,660.15,-738.58,1465.5,-126.45,423.02,-246.6,-51.0,182.23,-618.3,757.8,685.34,-4084.8,-122.85,-4966.32,445.05,-789.15,51.55,0.0,0.0,0.0,,,,,,,,,,,,,0.0,0.0,0.0,,,,,,,,,,,,,0.0,0.0,0.0,0.0,0.0,0.0,0.0,0.0,0.0,0.0,0.0,0.0,0.0,0.0,0.0,0.0,0.0,0.0,0.0,0.0,0.0,0.0,0.0,0.0,0.0,0.0,0.0,0.0,0.0,0.0,0.0,0.0,0.0,0.0,0.0,0.0,0.0,0.0,0.0,0.0,0.0,0.0,0.0,0.0,0.0
15:06:15.654995,-1349.4,7.8,-1758.61,56.4,-7.35,-539.9,246.9,-785.25,-1348.42,1983.3,3981.6,-4778.29,-568.35,210.15,-1050.76,2070.3,-495.3,-154.15,2909.4,-3880.8,-1400.7,2992.8,-714.3,1179.99,-3660.15,341.85,5848.9,-2425.8,656.25,-732.78,1468.5,-128.85,416.97,-243.6,-44.85,176.18,-617.1,760.5,690.67,-4083.9,-125.4,-4975.76,441.15,-781.5,34.61,0.0,0.0,0.0,,,,,,,,,,,,,0.0,0.0,0.0,,,,,,,,,,,,,0.0,0.0,0.0,0.0,0.0,0.0,0.0,0.0,0.0,0.0,0.0,0.0,0.0,0.0,0.0,0.0,0.0,0.0,0.0,0.0,0.0,0.0,0.0,0.0,0.0,0.0,0.0,0.0,0.0,0.0,0.0,0.0,0.0,0.0,0.0,0.0,0.0,0.0,0.0,0.0,0.0,0.0,0.0,0.0,0.0
15:06:15.901777,-1352.4,11.4,-1762.97,59.7,-9.3,-539.18,246.0,-785.4,-1351.81,1985.25,3977.85,-4785.55,-568.5,213.9,-1051.97,2076.6,-498.0,-152.94,2909.25,-3888.0,-1402.87,2994.75,-721.05,1175.64,-3660.45,340.65,5848.9,-2427.0,660.6,-736.65,1462.8,-124.2,426.65,-243.0,-48.15,177.39,-620.7,764.55,686.8,-4084.95,-122.1,-4964.15,441.0,-793.05,46.95,0.0,0.0,0.0,,,,,,,,,,,,,0.0,0.0,0.0,,,,,,,,,,,,,0.0,0.0,0.0,0.0,0.0,0.0,0.0,0.0,0.0,0.0,0.0,0.0,0.0,0.0,0.0,0.0,0.0,0.0,0.0,0.0,0.0,0.0,0.0,0.0,0.0,0.0,0.0,0.0,0.0,0.0,0.0,0.0,,,0.0,,0.0,0.0,0.0,0.0,0.0,0.0,0.0,0.0,0.0
15:06:16.136190,-1348.65,5.4,-176.0,,,,,,,,,,,,,,,,,,,,,,,,,,,,,,,,,,,,,,,,,,,,,,,,,,,,,,,,,,,,,,,,,,,,,,,,,,,,,,,,,,,,,,,,,,,,,,,,,,,,,,,,,,,,,0.0,0.0,0.0,0.0,0.0,0.0,0.0,0.0,0.0
15:06:16.376330,-1349.55,8.55,-1760.55,47.25,-2.4,-540.14,246.75,-788.85,-1343.1,1979.25,3980.85,-4785.55,-570.15,212.4,-1058.27,2081.25,-496.05,-150.52,2908.65,-3877.95,-1408.44,2992.8,-715.2,1173.46,-3651.45,341.55,5853.01,-2431.35,655.2,-726.48,1468.2,-123.45,423.74,-243.6,-52.2,175.93,-615.3,766.05,699.86,-4080.3,-121.5,-4968.26,443.1,-792.45,41.38,0.0,0.0,0.0,,,,,,,,,,,,,0.0,0.0,0.0,,,,,,,,,,,,,0.0,0.0,0.0,0.0,0.0,0.0,0.0,0.0,0.0,0.0,0.0,0.0,0.0,0.0,0.0,0.0,0.0,0.0,0.0,0.0,0.0,0.0,0.0,0.0,0.0,0.0,0.0,0.0,0.0,0.0,0.0,0.0,0.0,0.0,0.0,0.0,0.0,0.0,0.0,0.0,0.0,0.0,0.0,0.0,0.0
15:06:16.616107,-1347.0,12.45,-1757.16,53.7,-8.55,-539.9,244.05,-788.4,-1347.46,1982.1,3973.65,-4788.94,-563.7,217.95,-1051.01,2082.15,-500.55,-160.93,2906.85,-3887.85,-1400.94,2990.85,-718.35,1173.22,-3650.25,342.0,5856.64,-2421.45,659.1,-731.32,1469.4,-127.65,423.98,-247.05,-50.25,188.52,-619.2,761.4,678.08,-4078.95,-125.85,-4968.74,438.45,-787.5,48.64,0.0,0.0,0.0,,,,,,,,,,,,,0.0,0.0,0.0,,,,,,,,,,,,,0.0,0.0,0.0,0.0,0.0,0.0,0.0,0.0,0.0,0.0,0.0,0.0,0.0,0.0,0.0,0.0,0.0,0.0,0.0,0.0,0.0,0.0,0.0,0.0,0.0,0.0,0.0,0.0,0.0,0.0,0.0,0.0,0.0,0.0,0.0,0.0,0.0,0.0,0.0,0.0,0.0,0.0,0.0,0.0,0.0
15:06:16.854984,-1342.8,9.9,-1757.65,58.2,-4.2,-541.11,249.15,-787.35,-1339.47,1988.25,3978.75,-4785.79,-575.55,210.6,-1054.39,2081.55,-502.95,-152.46,2908.05,-3887.25,-1409.89,2993.4,-717.75,1174.43,-3651.75,345.9,5853.01,-2425.5,659.25,-727.45,1467.6,-128.1,428.58,-245.7,-47.4,183.68,-615.6,759.15,683.89,-4082.4,-120.6,-4971.89,438.9,-789.45,47.92,0.0,0.0,0.0,,,,,,,,,,,,,0.0,0.0,0.0,,,,,,,,,,,,,0.0,0.0,0.0,0.0,0.0,0.0,0.0,0.0,0.0,0.0,0.0,0.0,0.0,0.0,0.0,0.0,0.0,0.0,0.0,0.0,0.0,0.0,0.0,0.0,0.0,0.0,0.0,0.0,0.0,0.0,0.0,0.0,0.0,0.0,0.0,0.0,0.0,0.0,,,,,0.0,0.0,0.0
15:06:17.100032,-1346.7,18.15,-1762.0,46.5,-0.75,-546.19,246.0,-786.3,,,,,,,,,,,,,,,,1177.57,-3647.25,346.2,5864.63,-2426.85,656.7,-729.63,1465.8,-134.4,418.9,-242.1,-47.7,182.95,-621.15,759.0,690.18,-4082.1,-118.2,-4964.39,444.3,-789.3,43.32,0.0,0.0,0.0,,,,,,,,,,,,,0.0,0.0,0.0,,,,,,,,,,,,,0.0,0.0,0.0,0.0,0.0,0.0,0.0,0.0,0.0,0.0,0.0,0.0,0.0,0.0,0.0,0.0,0.0,0.0,0.0,0.0,0.0,0.0,0.0,0.0,0.0,0.0,0.0,0.0,0.0,0.0,0.0,0.0,0.0,0.0,0.0,0.0,0.0,0.0,0.0,0.0,0.0,0.0,0.0,0.0,0.0
15:06:17.356650,-1350.75,13.8,-1758.86,55.2,-7.05,-543.53,248.7,-791.25,-1340.44,1980.0,3972.9,-4786.03,-567.45,216.3,-1050.28,2078.4,-502.05,-163.11,2902.8,-3880.05,-1402.63,2996.7,-712.5,1173.94,-3649.65,347.85,5840.67,-2430.0,654.3,-731.81,1468.5,-130.5,428.1,-242.7,-49.8,178.35,-617.4,763.35,697.93,-4083.0,-119.1,-4974.55,438.3,-790.05,45.98,0.0,0.0,0.0,,,,,,,,,,,,,0.0,0.0,0.0,,,,,,,,,,,,,0.0,0.0,0.0,0.0,0.0,0.0,0.0,0.0,0.0,0.0,0.0,0.0,0.0,0.0,0.0,0.0,0.0,0.0,0.0,0.0,0.0,0.0,0.0,0.0,0.0,0.0,0.0,0.0,0.0,0.0,0.0,0.0,0.0,0.0,0.0,0.0,0.0,0.0,0.0,0.0,0.0,0.0,0.0,0.0,0.0
15:06:17.616134,-1349.85,14.1,-1755.71,54.0,-5.1,-528.04,247.95,-784.8,-1350.84,1983.45,3972.3,-4784.1,-563.4,217.35,-1041.57,2075.55,-500.1,-159.24,2901.45,-3877.95,-1405.54,2997.15,-712.65,1177.33,-3649.8,345.3,5867.29,-2421.3,657.15,-729.63,1465.05,-124.05,421.32,-240.75,-49.8,181.26,-619.35,759.75,691.15,-4083.75,-116.1,-4970.92,441.9,-789.9,48.88,0.0,0.0,0.0,,,,,,,,,,,,,0.0,0.0,0.0,,,,,,,,,,,,,0.0,0.0,0.0,0.0,0.0,0.0,0.0,0.0,0.0,0.0,0.0,0.0,0.0,0.0,0.0,0.0,0.0,0.0,0.0,0.0,0.0,0.0,0.0,0.0,0.0,0.0,0.0,0.0,0.0,0.0,0.0,0.0,0.0,0.0,0.0,0.0,0.0,0.0,0.0,0.0,0.0,0.0,0.0,0.0,0.0
15:06:17.875047,-1350.0,15.45,-1755.23,53.4,-13.95,-535.06,250.95,-785.4,-1354.96,1989.15,3976.35,-4788.7,-570.45,214.35,-1058.27,2077.35,-492.9,-149.07,2905.8,-3880.65,-1406.99,2994.6,-718.35,1173.94,-3645.75,345.75,5859.06,-2424.9,654.9,-727.45,1467.45,-124.8,421.08,-243.45,-50.4,188.76,-621.3,762.9,689.94,-4078.65,-120.45,-4968.74,439.95,-796.2,43.32,0.0,0.0,0.0,,,,,,,,,,,,,0.0,0.0,0.0,,,,,,,,,,,,,0.0,0.0,0.0,0.0,0.0,0.0,0.0,0.0,0.0,0.0,0.0,0.0,0.0,0.0,0.0,0.0,0.0,0.0,0.0,0.0,0.0,0.0,0.0,0.0,0.0,0.0,0.0,0.0,0.0,0.0,0.0,0.0,,,,,0.0,0.0,0.0,0.0,0.0,0.0,0.0,0.0,0.0
15:06:18.129643,-1351.05,7.35,-17.0,,,,,,,,,,,,,,,,,,,,,,,,,,,,,,,,,,,,,,,,,,,,,,,,,,,,,,,,,,,,,,,,,,,,,,,,,,,,,,,,,,,,,,,,,,,,,,,,,,,,,,,,,,,,,,,,,,,0.0,0.0,0.0
15:06:18.384345,-1353.75,12.6,-1761.52,55.05,-3.45,-530.46,250.65,-789.45,-1350.36,1985.55,3971.25,-4786.76,-561.15,215.4,-1059.23,2065.95,-497.7,-161.41,2895.15,-3882.45,-1405.05,2995.05,-714.9,1171.04,-3652.8,340.65,5861.48,-2426.25,660.9,-733.74,1468.5,-135.6,417.93,-241.95,-50.7,183.19,-620.85,760.05,701.8,-4086.0,-121.35,-4963.9,440.85,-792.6,40.66,0.0,0.0,0.0,,,,,,,,,,,,,0.0,0.0,0.0,,,,,,,,,,,,,0.0,0.0,0.0,0.0,0.0,0.0,0.0,0.0,0.0,0.0,0.0,0.0,0.0,0.0,0.0,0.0,0.0,0.0,0.0,0.0,0.0,0.0,0.0,0.0,0.0,0.0,0.0,0.0,0.0,0.0,0.0,0.0,0.0,0.0,0.0,0.0,0.0,0.0,0.0,0.0,0.0,0.0,0.0,0.0,0.0
15:06:18.634418,-1345.2,15.3,-1756.19,57.75,-10.65,-535.55,250.2,-784.2,-1347.94,1983.75,3967.65,-4794.99,-571.65,215.25,-1051.25,2077.35,-499.5,-154.4,2895.6,-3885.3,-1413.52,2988.3,-721.35,1179.75,-3648.0,342.3,5850.11,-2427.6,654.3,-734.71,1466.85,-126.9,423.26,-253.5,-53.4,179.81,-613.5,762.9,692.85,-4085.4,-121.5,-4975.28,443.7,-789.9,40.41,0.0,0.0,0.0,,,,,,,,,,,,,0.0,0.0,0.0,,,,,,,,,,,,,0.0,0.0,0.0,0.0,0.0,0.0,0.0,0.0,0.0,0.0,0.0,0.0,0.0,0.0,0.0,0.0,0.0,0.0,0.0,0.0,0.0,0.0,0.0,0.0,0.0,0.0,0.0,0.0,0.0,0.0,0.0,0.0,0.0,0.0,0.0,0.0,0.0,0.0,0.0,0.0,0.0,0.0,0.0,0.0,0.0
15:06:18.894176,-1347.45,10.95,-1764.42,51.9,-9.45,-536.27,255.45,-785.1,-1345.76,1988.55,3955.65,-4784.58,-564.45,217.05,-1044.23,2081.55,-499.05,-162.87,2896.2,-3878.1,-1405.54,2996.1,-716.7,1165.71,-3649.65,344.55,5870.68,-2428.35,651.9,-732.53,1466.55,-128.4,426.89,-243.6,-47.4,188.03,-613.5,765.75,687.52,-4080.0,-125.1,-4964.87,439.35,-790.5,47.67,0.0,0.0,0.0,,,,,,,,,,,,,0.0,0.0,0.0,,,,,,,,,,,,,0.0,0.0,0.0,0.0,0.0,0.0,0.0,0.0,0.0,0.0,0.0,0.0,0.0,0.0,0.0,0.0,0.0,0.0,0.0,0.0,0.0,0.0,0.0,0.0,0.0,0.0,0.0,0.0,0.0,0.0,0.0,0.0,,,,,0.0,0.0,0.0,0.0,0.0,0.0,0.0,0.0,0.0
15:06:19.135514,-1346.4,15.9,-170.0,,,,,,,,,,,,,,,,,,,,,,,,,,,,,,,,,,,,,,,,,,,,,,,,,,,,,,,,,,,,,,,,,,,,,,,,,,,,,,,,,,,,,,0.0,0.0,0.0,0.0,0.0,0.0,0.0,0.0,0.0,0.0,0.0,0.0,0.0,0.0,0.0,0.0,0.0,0.0,0.0,0.0,0.0,0.0,0.0,0.0,0.0,0.0,0.0,0.0,0.0,0.0,0.0,0.0
15:06:19.381494,-1353.6,11.1,-1745.79,51.3,-11.1,-536.51,252.6,-789.6,-1339.23,1981.05,3972.6,-4787.73,-567.9,213.15,-1043.26,2075.4,-501.45,-155.12,2895.9,-3875.4,-1401.18,2998.35,-718.8,1179.02,-3644.4,339.0,5866.81,-2425.2,659.7,-724.79,1475.55,-129.15,422.05,-243.0,-48.75,186.58,-616.8,759.6,694.06,-4081.05,-115.95,-4960.27,442.5,-789.9,46.46,0.0,0.0,0.0,,,,,,,,,,,,,0.0,0.0,0.0,,,,,,,,,,,,,0.0,0.0,0.0,0.0,0.0,0.0,0.0,0.0,0.0,0.0,0.0,0.0,0.0,0.0,0.0,0.0,0.0,0.0,0.0,0.0,0.0,0.0,0.0,0.0,0.0,0.0,0.0,0.0,0.0,0.0,0.0,0.0,0.0,0.0,0.0,0.0,0.0,0.0,0.0,0.0,0.0,0.0,0.0,0.0,0.0
15:06:19.634569,-1349.85,18.0,-1754.74,51.3,-11.85,-536.27,246.15,-790.35,-1354.23,1987.05,3978.75,-4790.15,-565.05,217.95,-1042.54,2076.6,-502.8,-152.7,2895.15,-3874.65,-1410.62,2989.65,-716.1,1175.88,-3656.85,345.75,5872.37,-2425.05,663.75,-718.01,1468.2,-127.65,421.08,-237.6,-53.55,178.6,-620.85,760.2,692.6,-4078.65,-122.1,-4972.37,440.4,-791.7,45.01,0.0,0.0,0.0,,,,,,,,,,,,,0.0,0.0,0.0,,,,,,,,,,,,,0.0,0.0,0.0,0.0,0.0,0.0,0.0,0.0,0.0,0.0,0.0,0.0,0.0,0.0,0.0,0.0,0.0,0.0,0.0,0.0,0.0,0.0,0.0,0.0,0.0,0.0,0.0,0.0,0.0,0.0,0.0,0.0,0.0,0.0,0.0,0.0,0.0,0.0,0.0,0.0,0.0,0.0,0.0,0.0,0.0
