Timestamp,B0S0X,B0S0Y,B0S0Z,B0S1X,B0S1Y,B0S1Z,B0S2X,B0S2Y,B0S2Z,B0S3X,B0S3Y,B0S3Z,B0S4X,B0S4Y,B0S4Z,B1S0X,B1S0Y,B1S0Z,B1S1X,B1S1Y,B1S1Z,B1S2X,B1S2Y,B1S2Z,B1S3X,B1S3Y,B1S3Z,B1S4X,B1S4Y,B1S4Z,B2S0X,B2S0Y,B2S0Z,B2S1X,B2S1Y,B2S1Z,B2S2X,B2S2Y,B2S2Z,B2S3X,B2S3Y,B2S3Z,B2S4X,B2S4Y,B2S4Z,B3S0X,B3S0Y,B3S0Z,B3S1X,B3S1Y,B3S1Z,B3S2X,B3S2Y,B3S2Z,B3S3X,B3S3Y,B3S3Z,B3S4X,B3S4Y,B3S4Z,B4S0X,B4S0Y,B4S0Z,B4S1X,B4S1Y,B4S1Z,B4S2X,B4S2Y,B4S2Z,B4S3X,B4S3Y,B4S3Z,B4S4X,B4S4Y,B4S4Z,B5S0X,B5S0Y,B5S0Z,B5S1X,B5S1Y,B5S1Z,B5S2X,B5S2Y,B5S2Z,B5S3X,B5S3Y,B5S3Z,B5S4X,B5S4Y,B5S4Z,B6S0X,B6S0Y,B6S0Z,B6S1X,B6S1Y,B6S1Z,B6S2X,B6S2Y,B6S2Z,B6S3X,B6S3Y,B6S3Z,B6S4X,B6S4Y,B6S4Z,B7S0X,B7S0Y,B7S0Z,B7S1X,B7S1Y,B7S1Z,B7S2X,B7S2Y,B7S2Z,B7S3X,B7S3Y,B7S3Z,B7S4X,B7S4Y,B7S4Z
17:10:41.201930,,,,,,,,,,,,,,,,,,,,,,,,,,,,-2.4,-45.75,17.42,0.0,0.0,0.0,0.0,0.0,0.0,0.0,0.0,0.0,0.0,0.0,0.0,0.0,0.0,0.0,0.0,0.0,0.0,,,,,,,,,,,,,0.0,0.0,0.0,,,,,,,,,,,,,0.0,0.0,0.0,0.0,0.0,0.0,0.0,0.0,0.0,0.0,0.0,0.0,0.0,0.0,0.0,0.0,0.0,0.0,0.0,0.0,0.0,0.0,0.0,0.0,0.0,0.0,0.0,0.0,0.0,0.0,0.0,0.0,0.0,0.0,0.0,0.0,0.0,0.0,0.0,0.0,0.0,0.0,0.0,0.0,0.0
17:10:41.366767,-1404.45,6.6,-1760.79,51.3,1.65,-518.36,276.15,-797.25,-1347.94,1951.35,3985.05,-3965.41,-583.2,228.0,-1037.21,-12.15,7.05,5.32,28.35,-55.95,11.62,10.8,-42.6,30.98,5.25,-30.3,24.93,-1.95,-43.8,13.31,0.0,0.0,0.0,0.0,0.0,0.0,0.0,0.0,0.0,0.0,0.0,0.0,0.0,0.0,0.0,0.0,0.0,0.0,,,,,,,,,,,,,0.0,0.0,0.0,,,,,,,,,,,,,0.0,0.0,0.0,0.0,0.0,0.0,0.0,0.0,0.0,0.0,0.0,0.0,0.0,0.0,0.0,0.0,0.0,0.0,0.0,0.0,0.0,0.0,0.0,0.0,0.0,0.0,0.0,0.0,0.0,0.0,0.0,0.0,0.0,0.0,0.0,0.0,0.0,0.0,0.0,0.0,0.0,0.0,0.0,0.0,0.0
17:10:41.517319,-1396.05,8.1,-1760.07,52.5,-3.75,-520.3,274.8,-793.95,-1344.55,1950.15,3992.85,-3966.86,-579.75,227.25,-1037.21,-15.6,11.55,21.78,24.3,-58.2,10.65,8.25,-41.1,36.78,4.95,-27.9,21.78,-1.2,-43.8,20.81,0.0,0.0,0.0,0.0,0.0,0.0,0.0,0.0,0.0,0.0,0.0,0.0,0.0,0.0,0.0,0.0,0.0,0.0,,,,,,,,,,,,,0.0,0.0,0.0,,,,,,,,,,,,,0.0,0.0,0.0,0.0,0.0,0.0,0.0,0.0,0.0,0.0,0.0,0.0,0.0,0.0,0.0,0.0,0.0,0.0,0.0,0.0,0.0,0.0,0.0,0.0,0.0,0.0,0.0,0.0,0.0,0.0,0.0,0.0,0.0,0.0,0.0,0.0,0.0,0.0,0.0,0.0,0.0,0.0,0.0,0.0,0.0
17:10:41.685922,-1406.4,4.95,-1770.71,46.95,-3.6,-525.87,274.95,-796.8,-1341.41,1953.9,3978.3,-3953.55,-583.65,228.45,-1029.23,-12.0,2.55,22.02,33.6,-56.25,17.91,12.0,-40.35,32.91,7.95,-29.55,28.56,-4.95,-48.9,,,,,0.0,0.0,0.0,0.0,0.0,0.0,0.0,0.0,0.0,0.0,0.0,0.0,,,,,,,,,,,,,,,,,,,,,,,,,,,,,,,,,,,,,,,,,,,,,,,,,,,,,,,,,,0.0,0.0,0.0,0.0,0.0,0.0,0.0,0.0,0.0,0.0,0.0,0.0,0.0,0.0,0.0,0.0,0.0,0.0
17:10:41.862244,-1393.8,3.15,-1755.95,47.85,0.15,-519.82,271.8,-786.75,-1349.39,1952.4,3989.1,-3962.75,-576.6,226.65,-1036.73,-16.95,4.65,14.04,30.75,-55.8,11.86,5.85,-40.35,31.22,0.45,-35.4,19.6,-0.6,-43.5,14.76,0.0,0.0,0.0,0.0,0.0,0.0,0.0,0.0,0.0,0.0,0.0,0.0,0.0,0.0,0.0,0.0,0.0,0.0,,,,,,,,,,,,,0.0,0.0,0.0,,,,,,,,,,,,,0.0,0.0,0.0,0.0,0.0,0.0,0.0,0.0,0.0,0.0,0.0,0.0,0.0,0.0,0.0,0.0,0.0,0.0,0.0,0.0,0.0,0.0,0.0,0.0,0.0,0.0,0.0,0.0,0.0,0.0,0.0,0.0,0.0,0.0,0.0,0.0,0.0,0.0,0.0,0.0,0.0,0.0,0.0,0.0,0.0
17:10:42.038369,-1392.45,-0.9,-1751.6,47.85,0.0,-527.56,277.05,-792.75,-1356.65,1950.75,3992.4,-3966.14,-580.5,224.55,-1028.5,-10.95,15.6,14.52,28.35,-55.5,12.83,5.85,-34.5,29.28,6.15,-32.7,27.59,-6.9,-45.3,26.14,0.0,0.0,0.0,0.0,0.0,0.0,0.0,0.0,0.0,0.0,0.0,0.0,0.0,0.0,0.0,0.0,0.0,0.0,,,,,,,,,,,,,0.0,0.0,0.0,,,,,,,,,,,,,0.0,0.0,0.0,0.0,0.0,0.0,0.0,0.0,0.0,0.0,0.0,0.0,0.0,0.0,0.0,0.0,0.0,0.0,0.0,0.0,0.0,0.0,0.0,0.0,0.0,0.0,0.0,0.0,0.0,0.0,0.0,0.0,0.0,0.0,0.0,0.0,0.0,0.0,0.0,0.0,0.0,0.0,0.0,0.0,0.0
17:10:42.213955,-1397.7,-3.3,-1759.82,49.65,0.3,-529.98,268.8,-799.5,-1350.12,1954.8,3987.0,-3961.78,-582.75,227.25,-1040.12,-12.45,8.4,15.97,23.85,-55.35,21.05,13.2,-40.05,34.61,-1.65,-30.3,25.65,-2.7,-52.95,23.47,0.0,0.0,0.0,0.0,0.0,0.0,0.0,0.0,0.0,0.0,0.0,0.0,0.0,0.0,0.0,0.0,0.0,0.0,,,,,,,,,,,,,0.0,0.0,0.0,,,,,,,,,,,,,0.0,0.0,0.0,0.0,0.0,0.0,0.0,0.0,0.0,0.0,0.0,0.0,0.0,0.0,0.0,0.0,0.0,0.0,0.0,0.0,0.0,0.0,0.0,0.0,0.0,0.0,0.0,0.0,0.0,0.0,0.0,0.0,0.0,0.0,0.0,0.0,0.0,0.0,0.0,0.0,0.0,0.0,0.0,0.0,0.0
17:10:42.389773,-1397.25,-1.95,-1761.52,49.2,-1.2,-521.03,269.55,-793.05,-1350.6,1952.85,3988.5,-3961.54,-583.35,224.25,-1039.15,-16.35,5.85,8.95,26.85,-50.85,8.95,14.1,-34.5,31.94,2.55,-33.9,30.49,0.45,-47.85,18.15,0.0,0.0,0.0,0.0,0.0,0.0,0.0,0.0,0.0,0.0,0.0,0.0,0.0,0.0,0.0,0.0,0.0,0.0,,,,,,,,,,,,,0.0,0.0,0.0,,,,,,,,,,,,,0.0,0.0,0.0,0.0,0.0,0.0,0.0,0.0,0.0,0.0,0.0,0.0,0.0,0.0,0.0,0.0,0.0,0.0,0.0,0.0,0.0,0.0,0.0,0.0,0.0,0.0,0.0,0.0,0.0,0.0,0.0,0.0,0.0,0.0,0.0,0.0,0.0,0.0,0.0,0.0,0.0,0.0,0.0,0.0,0.0
17:10:42.565553,-1405.5,7.8,-1761.76,51.15,3.0,-523.93,281.55,-795.75,-1348.18,1955.55,3982.35,-3957.91,-582.6,229.5,-1036.97,-9.75,6.6,10.89,27.75,-51.15,12.58,13.95,-33.6,34.36,1.8,-31.05,29.28,-2.4,-51.75,26.38,0.0,0.0,0.0,0.0,0.0,0.0,0.0,0.0,0.0,0.0,0.0,0.0,0.0,0.0,0.0,0.0,0.0,0.0,,,,,,,,,,,,,0.0,0.0,0.0,,,,,,,,,,,,,0.0,0.0,0.0,0.0,0.0,0.0,0.0,0.0,0.0,0.0,0.0,0.0,0.0,0.0,0.0,0.0,0.0,0.0,0.0,0.0,0.0,0.0,0.0,0.0,0.0,0.0,0.0,0.0,0.0,0.0,0.0,0.0,0.0,0.0,0.0,0.0,0.0,0.0,0.0,0.0,0.0,0.0,0.0,0.0,0.0
17:10:42.741642,-1396.65,0.15,-1758.86,50.7,-3.0,-530.71,273.6,-793.65,-1341.16,1950.9,3976.95,-3960.33,-588.45,223.05,-1036.0,-12.0,4.5,10.16,26.85,-53.7,8.95,8.25,-40.05,37.75,11.1,-25.95,23.72,-1.5,-44.7,15.73,0.0,0.0,0.0,0.0,0.0,0.0,0.0,0.0,0.0,0.0,0.0,0.0,0.0,0.0,0.0,0.0,0.0,0.0,,,,,,,,,,,,,0.0,0.0,0.0,,,,,,,,,,,,,0.0,0.0,0.0,0.0,0.0,0.0,0.0,0.0,0.0,0.0,0.0,0.0,0.0,0.0,0.0,0.0,0.0,0.0,0.0,0.0,0.0,0.0,0.0,0.0,0.0,0.0,0.0,0.0,0.0,0.0,0.0,0.0,0.0,0.0,0.0,0.0,0.0,0.0,0.0,0.0,0.0,0.0,0.0,0.0,0.0
17:10:42.916879,-1402.05,-1.5,-1755.71,49.5,-1.2,-525.14,275.85,-795.45,-1350.84,1953.0,3989.1,-3955.97,-585.6,227.85,-1031.89,-16.95,10.95,18.15,30.3,-54.3,8.47,12.3,-38.4,30.49,6.9,-30.75,19.12,-3.3,-44.25,24.68,0.0,0.0,0.0,0.0,0.0,0.0,0.0,0.0,0.0,0.0,0.0,0.0,0.0,0.0,0.0,0.0,0.0,0.0,,,,,,,,,,,,,0.0,0.0,0.0,,,,,,,,,,,,,0.0,0.0,0.0,0.0,0.0,0.0,0.0,0.0,0.0,0.0,0.0,0.0,0.0,0.0,0.0,0.0,0.0,0.0,0.0,0.0,0.0,0.0,0.0,0.0,0.0,0.0,0.0,0.0,0.0,0.0,0.0,0.0,0.0,0.0,0.0,0.0,0.0,0.0,0.0,0.0,0.0,0.0,0.0,0.0,0.0
17:10:43.093128,-1398.0,0.3,-1760.79,50.4,4.8,-524.66,278.25,-792.45,-1350.12,1951.5,4002.75,-3958.39,-578.1,229.5,-1039.63,-11.4,2.7,18.15,25.35,-54.15,13.55,-1.5,-34.5,28.07,6.3,-36.15,21.78,-4.5,-46.2,21.3,0.0,0.0,0.0,0.0,0.0,0.0,0.0,0.0,0.0,0.0,0.0,0.0,0.0,0.0,0.0,0.0,0.0,0.0,,,,,,,,,,,,,0.0,0.0,0.0,,,,,,,,,,,,,0.0,0.0,0.0,0.0,0.0,0.0,0.0,0.0,0.0,0.0,0.0,0.0,0.0,0.0,0.0,0.0,0.0,0.0,0.0,0.0,0.0,0.0,0.0,0.0,0.0,0.0,0.0,0.0,0.0,0.0,0.0,0.0,0.0,0.0,0.0,0.0,0.0,0.0,0.0,0.0,0.0,0.0,0.0,0.0,0.0
17:10:43.269229,-1397.85,-3.45,-1758.37,47.7,-0.3,-522.24,278.25,-789.45,-1353.26,1953.0,3983.7,-3963.23,-581.85,223.2,-1038.18,-16.8,5.55,17.42,24.9,-55.8,18.39,13.8,-35.85,31.46,9.75,-30.45,27.1,-6.6,-45.75,22.02,0.0,0.0,0.0,0.0,0.0,0.0,0.0,0.0,0.0,0.0,0.0,0.0,0.0,0.0,0.0,0.0,0.0,0.0,,,,,,,,,,,,,0.0,0.0,0.0,,,,,,,,,,,,,0.0,0.0,0.0,0.0,0.0,0.0,0.0,0.0,0.0,0.0,0.0,0.0,0.0,0.0,0.0,0.0,0.0,0.0,0.0,0.0,0.0,0.0,0.0,0.0,0.0,0.0,0.0,0.0,0.0,0.0,0.0,0.0,0.0,0.0,0.0,0.0,0.0,0.0,0.0,0.0,0.0,0.0,0.0,0.0,0.0
17:10:43.444580,-1398.45,2.85,-1760.07,49.8,1.5,-518.36,270.3,-792.0,-1344.55,1947.3,3983.25,-3967.11,-582.45,227.25,-1036.49,-16.65,3.6,9.44,23.7,-48.6,18.15,9.6,-38.25,37.27,3.75,-30.3,24.68,-5.25,-45.3,26.14,0.0,0.0,0.0,0.0,0.0,0.0,0.0,0.0,0.0,0.0,0.0,0.0,0.0,0.0,0.0,0.0,0.0,0.0,,,,,,,,,,,,,0.0,0.0,0.0,,,,,,,,,,,,,0.0,0.0,0.0,0.0,0.0,0.0,0.0,0.0,0.0,0.0,0.0,0.0,0.0,0.0,0.0,0.0,0.0,0.0,0.0,0.0,0.0,0.0,0.0,0.0,0.0,0.0,0.0,0.0,0.0,0.0,0.0,0.0,0.0,0.0,0.0,0.0,0.0,0.0,0.0,0.0,0.0,0.0,0.0,0.0,0.0
17:10:43.620559,-1393.5,-1.95,-1762.49,48.75,2.55,-526.35,273.6,-793.5,-1351.09,1954.5,3990.15,-3959.85,-582.15,232.65,-1038.91,-13.65,5.55,11.13,27.75,-60.0,16.94,8.1,-38.1,27.59,2.85,-29.55,26.38,-0.75,-49.05,16.46,0.0,0.0,0.0,0.0,0.0,0.0,0.0,0.0,0.0,0.0,0.0,0.0,0.0,0.0,0.0,0.0,0.0,0.0,,,,,,,,,,,,,0.0,0.0,0.0,,,,,,,,,,,,,0.0,0.0,0.0,0.0,0.0,0.0,0.0,0.0,0.0,0.0,0.0,0.0,0.0,0.0,0.0,0.0,0.0,0.0,0.0,0.0,0.0,0.0,0.0,0.0,0.0,0.0,0.0,0.0,0.0,0.0,0.0,0.0,0.0,0.0,0.0,0.0,0.0,0.0,0.0,0.0,0.0,0.0,0.0,0.0,0.0
17:10:43.796171,-1393.05,0.9,-1763.21,55.35,-3.75,-519.82,274.95,-801.45,-1348.18,1952.55,3980.7,-3969.04,-582.15,228.0,-1029.95,-7.8,3.15,8.71,27.45,-55.35,10.89,13.95,-38.4,29.52,3.0,-33.15,23.23,-8.1,-46.2,22.75,0.0,0.0,0.0,0.0,0.0,0.0,0.0,0.0,0.0,0.0,0.0,0.0,0.0,0.0,0.0,0.0,0.0,0.0,,,,,,,,,,,,,0.0,0.0,0.0,,,,,,,,,,,,,0.0,0.0,0.0,0.0,0.0,0.0,0.0,0.0,0.0,0.0,0.0,0.0,0.0,0.0,0.0,0.0,0.0,0.0,0.0,0.0,0.0,0.0,0.0,0.0,0.0,0.0,0.0,0.0,0.0,0.0,0.0,0.0,0.0,0.0,0.0,0.0,0.0,0.0,0.0,0.0,0.0,0.0,0.0,0.0,0.0
17:10:43.972313,-1399.8,1.2,-1749.18,46.65,0.3,-524.66,272.1,-794.85,-1349.39,1954.5,3976.35,-3963.48,-581.7,231.9,-1032.86,-13.5,4.05,15.0,29.1,-55.05,22.02,11.7,-40.8,36.3,9.3,-34.5,27.1,-6.0,-49.05,18.15,0.0,0.0,0.0,0.0,0.0,0.0,0.0,0.0,0.0,0.0,0.0,0.0,0.0,0.0,0.0,0.0,0.0,0.0,,,,,,,,,,,,,0.0,0.0,0.0,,,,,,,,,,,,,0.0,0.0,0.0,0.0,0.0,0.0,0.0,0.0,0.0,0.0,0.0,0.0,0.0,0.0,0.0,0.0,0.0,0.0,0.0,0.0,0.0,0.0,0.0,0.0,0.0,0.0,0.0,0.0,0.0,0.0,0.0,0.0,0.0,0.0,0.0,0.0,0.0,0.0,0.0,0.0,0.0,0.0,0.0,0.0,0.0
17:10:44.147956,-1400.4,-0.75,-1756.92,50.25,0.45,-524.17,281.1,-797.4,-1345.28,1950.45,3986.85,-3960.57,-585.6,232.05,-1040.36,-15.75,12.15,12.58,28.8,-58.8,15.25,13.8,-33.15,27.83,8.1,-29.25,24.44,-1.5,-43.2,19.84,0.0,0.0,0.0,0.0,0.0,0.0,0.0,0.0,0.0,0.0,0.0,0.0,0.0,0.0,0.0,0.0,0.0,0.0,,,,,,,,,,,,,0.0,0.0,0.0,,,,,,,,,,,,,0.0,0.0,0.0,0.0,0.0,0.0,0.0,0.0,0.0,0.0,0.0,0.0,0.0,0.0,0.0,0.0,0.0,0.0,0.0,0.0,0.0,0.0,0.0,0.0,0.0,0.0,0.0,0.0,0.0,0.0,0.0,0.0,0.0,0.0,0.0,0.0,0.0,0.0,0.0,0.0,0.0,0.0,0.0,0.0,0.0
17:10:44.323924,-1401.45,3.75,-1769.26,45.45,-2.85,-517.15,279.6,-795.75,-1342.62,1953.75,3992.1,-3959.6,-585.6,228.75,-1041.81,-12.45,10.35,21.05,26.1,-60.6,14.04,7.5,-35.55,37.51,6.45,-32.55,26.38,-3.45,-43.35,13.79,0.0,0.0,0.0,0.0,0.0,0.0,0.0,0.0,0.0,0.0,0.0,0.0,0.0,0.0,0.0,0.0,0.0,0.0,,,,,,,,,,,,,0.0,0.0,0.0,,,,,,,,,,,,,0.0,0.0,0.0,0.0,0.0,0.0,0.0,0.0,0.0,0.0,0.0,0.0,0.0,0.0,0.0,0.0,0.0,0.0,0.0,0.0,0.0,0.0,0.0,0.0,0.0,0.0,0.0,0.0,0.0,0.0,0.0,0.0,0.0,0.0,0.0,0.0,0.0,0.0,0.0,0.0,0.0,0.0,0.0,0.0,0.0
17:10:44.499320,-1400.25,-3.6,-1752.81,54.3,0.0,-534.58,274.65,-800.4,-1353.26,1946.85,3988.35,-3962.99,-581.7,232.5,-1038.42,-11.4,8.85,12.34,20.55,-60.15,8.71,15.6,-39.45,34.61,2.85,-29.7,30.73,-0.75,-55.35,25.89,0.0,0.0,0.0,0.0,0.0,0.0,0.0,0.0,0.0,0.0,0.0,0.0,0.0,0.0,0.0,0.0,0.0,0.0,,,,,,,,,,,,,0.0,0.0,0.0,,,,,,,,,,,,,0.0,0.0,0.0,0.0,0.0,0.0,0.0,0.0,0.0,0.0,0.0,0.0,0.0,0.0,0.0,0.0,0.0,0.0,0.0,0.0,0.0,0.0,0.0,0.0,0.0,0.0,0.0,0.0,0.0,0.0,0.0,0.0,0.0,0.0,0.0,0.0,0.0,0.0,0.0,0.0,0.0,0.0,0.0,0.0,0.0
17:10:44.675457,-1397.1,6.15,-1749.9,49.35,2.4,-519.33,276.0,-794.85,-1344.07,1945.35,3974.7,-3970.49,-583.65,224.55,-1033.34,-10.05,3.9,18.63,25.35,-56.25,10.65,5.7,-40.35,33.15,5.25,-28.35,32.91,-3.75,-46.05,31.46,0.0,0.0,0.0,0.0,0.0,0.0,0.0,0.0,0.0,0.0,0.0,0.0,0.0,0.0,0.0,0.0,0.0,0.0,,,,,,,,,,,,,0.0,0.0,0.0,,,,,,,,,,,,,0.0,0.0,0.0,0.0,0.0,0.0,0.0,0.0,0.0,0.0,0.0,0.0,0.0,0.0,0.0,0.0,0.0,0.0,0.0,0.0,0.0,0.0,0.0,0.0,0.0,0.0,0.0,0.0,0.0,0.0,0.0,0.0,0.0,0.0,0.0,0.0,0.0,0.0,0.0,0.0,0.0,0.0,0.0,0.0,0.0
17:10:44.851717,-1393.5,-0.75,-1755.23,46.95,-2.4,-524.66,273.15,-795.45,-1340.44,1947.75,3977.25,-3957.67,-581.4,221.85,-1032.61,-11.85,9.15,12.83,30.15,-56.1,12.83,10.8,-35.25,35.33,3.15,-29.7,28.31,-5.7,-46.65,19.12,0.0,0.0,0.0,0.0,0.0,0.0,0.0,0.0,0.0,0.0,0.0,0.0,0.0,0.0,0.0,0.0,0.0,0.0,,,,,,,,,,,,,0.0,0.0,0.0,,,,,,,,,,,,,0.0,0.0,0.0,0.0,0.0,0.0,0.0,0.0,0.0,0.0,0.0,0.0,0.0,0.0,0.0,0.0,0.0,0.0,0.0,0.0,0.0,0.0,0.0,0.0,0.0,0.0,0.0,0.0,0.0,0.0,0.0,0.0,0.0,0.0,0.0,0.0,0.0,0.0,0.0,0.0,0.0,0.0,0.0,0.0,0.0
17:10:45.027419,-1400.85,3.6,-1762.49,46.95,-4.8,-525.62,273.3,-793.2,-1346.25,1951.8,4006.35,-3960.09,-582.75,230.55,-1029.95,-11.55,8.7,14.28,30.6,-60.45,7.02,12.0,-38.25,33.88,7.65,-29.1,25.65,-1.5,-44.25,15.0,0.0,0.0,0.0,0.0,0.0,0.0,0.0,0.0,0.0,0.0,0.0,0.0,0.0,0.0,0.0,0.0,0.0,0.0,,,,,,,,,,,,,0.0,0.0,0.0,,,,,,,,,,,,,0.0,0.0,0.0,0.0,0.0,0.0,0.0,0.0,0.0,0.0,0.0,0.0,0.0,0.0,0.0,0.0,0.0,0.0,0.0,0.0,0.0,0.0,0.0,0.0,0.0,0.0,0.0,0.0,0.0,0.0,0.0,0.0,0.0,0.0,0.0,0.0,0.0,0.0,0.0,0.0,0.0,0.0,0.0,0.0,0.0
17:10:45.203326,-1400.7,1.35,-1761.03,48.3,-4.95,-525.87,276.75,-798.15,-1346.25,1951.95,3998.55,-3968.32,-585.6,231.6,-1031.16,-15.0,11.55,15.73,28.5,-51.9,18.88,6.75,-41.4,32.91,5.7,-30.3,26.14,0.9,-46.8,12.34,0.0,0.0,0.0,0.0,0.0,0.0,0.0,0.0,0.0,0.0,0.0,0.0,0.0,0.0,0.0,0.0,0.0,0.0,,,,,,,,,,,,,0.0,0.0,0.0,,,,,,,,,,,,,0.0,0.0,0.0,0.0,0.0,0.0,0.0,0.0,0.0,0.0,0.0,0.0,0.0,0.0,0.0,0.0,0.0,0.0,0.0,0.0,0.0,0.0,0.0,0.0,0.0,0.0,0.0,0.0,0.0,0.0,0.0,0.0,0.0,0.0,0.0,0.0,0.0,0.0,0.0,0.0,0.0,0.0,0.0,0.0,0.0
17:10:45.385276,-1395.9,-1.95,-1752.08,46.35,0.45,-534.82,274.95,-793.35,-1344.31,1952.85,3987.15,-3972.67,-583.2,230.1,-1035.76,-8.55,5.85,5.08,27.15,-56.4,10.89,9.75,-40.05,35.57,9.9,-29.1,25.65,-5.85,-47.7,22.99,0.0,0.0,0.0,0.0,0.0,0.0,0.0,0.0,0.0,0.0,0.0,0.0,0.0,0.0,0.0,0.0,0.0,0.0,,,,,,,,,,,,,0.0,0.0,0.0,,,,,,,,,,,,,0.0,0.0,0.0,0.0,0.0,0.0,0.0,0.0,0.0,0.0,0.0,0.0,0.0,0.0,0.0,0.0,0.0,0.0,0.0,0.0,0.0,0.0,0.0,0.0,0.0,0.0,0.0,0.0,0.0,0.0,0.0,0.0,0.0,0.0,0.0,0.0,0.0,0.0,0.0,0.0,0.0,0.0,0.0,0.0,0.0
17:10:45.550312,-1393.35,-2.25,-1751.84,47.7,-2.55,-520.78,274.35,-792.6,-1341.16,1946.7,3994.35,-3956.7,-581.85,223.95,-1029.23,-12.3,6.45,18.88,27.15,-54.3,20.81,6.9,-44.4,36.06,6.75,-34.05,28.07,-1.65,-49.2,25.17,0.0,0.0,0.0,0.0,0.0,0.0,0.0,0.0,0.0,0.0,0.0,0.0,0.0,0.0,0.0,0.0,0.0,0.0,,,,,,,,,,,,,0.0,0.0,0.0,,,,,,,,,,,,,0.0,0.0,0.0,0.0,0.0,0.0,0.0,0.0,0.0,0.0,0.0,0.0,0.0,0.0,0.0,0.0,0.0,0.0,0.0,0.0,0.0,0.0,0.0,0.0,0.0,0.0,0.0,0.0,0.0,0.0,0.0,0.0,0.0,0.0,0.0,0.0,0.0,0.0,0.0,0.0,0.0,0.0,0.0,0.0,0.0
17:10:45.720908,-1392.9,-4.8,-1757.4,47.7,-5.1,-525.87,277.5,-789.6,-1341.89,1950.6,3982.05,-3963.48,-583.35,234.0,-1035.28,-17.4,6.0,17.18,31.05,-54.45,22.75,6.0,-40.35,34.12,11.4,-33.9,22.51,3.0,-50.55,31.94,0.0,0.0,0.0,0.0,0.0,0.0,0.0,0.0,0.0,0.0,0.0,0.0,0.0,0.0,0.0,0.0,0.0,0.0,,,,,,,,,,,,,0.0,0.0,0.0,,,,,,,,,,,,,0.0,0.0,0.0,0.0,0.0,0.0,0.0,0.0,0.0,0.0,0.0,0.0,0.0,0.0,0.0,0.0,0.0,0.0,0.0,0.0,0.0,0.0,0.0,0.0,0.0,0.0,0.0,0.0,0.0,0.0,0.0,0.0,0.0,0.0,0.0,0.0,0.0,0.0,0.0,0.0,0.0,0.0,0.0,0.0,0.0
17:10:45.902353,-1399.95,3.0,-1755.23,50.1,2.7,-519.57,280.05,-790.95,-1340.68,1948.05,3986.1,-3962.51,-582.75,229.8,-1033.82,-20.85,6.15,4.11,27.45,-55.95,11.86,9.15,-44.85,33.64,3.3,-31.65,22.26,0.9,-40.35,14.76,0.0,0.0,0.0,0.0,0.0,0.0,0.0,0.0,0.0,0.0,0.0,0.0,0.0,0.0,0.0,0.0,0.0,0.0,,,,,,,,,,,,,0.0,0.0,0.0,,,,,,,,,,,,,0.0,0.0,0.0,0.0,0.0,0.0,0.0,0.0,0.0,0.0,0.0,0.0,0.0,0.0,0.0,0.0,0.0,0.0,0.0,0.0,0.0,0.0,0.0,0.0,0.0,0.0,0.0,0.0,0.0,0.0,0.0,0.0,0.0,0.0,0.0,0.0,0.0,0.0,0.0,0.0,0.0,0.0,0.0,0.0,0.0
17:10:46.067246,-1397.85,4.8,-1757.16,45.75,-4.2,-525.87,276.3,-793.2,-1350.12,1951.2,3990.9,-3966.86,-581.1,223.65,-1043.75,-7.2,7.95,15.25,23.1,-55.2,17.42,6.3,-32.25,27.59,2.4,-28.8,25.17,3.6,-40.95,26.38,0.0,0.0,0.0,0.0,0.0,0.0,0.0,0.0,0.0,0.0,0.0,0.0,0.0,0.0,0.0,0.0,0.0,0.0,,,,,,,,,,,,,0.0,0.0,0.0,,,,,,,,,,,,,0.0,0.0,0.0,0.0,0.0,0.0,0.0,0.0,0.0,0.0,0.0,0.0,0.0,0.0,0.0,0.0,0.0,0.0,0.0,0.0,0.0,0.0,0.0,0.0,0.0,0.0,0.0,0.0,0.0,0.0,0.0,0.0,0.0,0.0,0.0,0.0,0.0,0.0,0.0,0.0,0.0,0.0,0.0,0.0,0.0
17:10:46.237672,-1395.9,-0.9,-1762.0,48.0,0.6,-528.77,273.15,-792.75,-1351.09,1945.8,3991.5,-3955.73,-582.45,225.15,-1038.91,-16.2,5.1,16.7,29.85,-55.05,1.45,10.5,-36.9,30.49,5.25,-34.35,24.93,-3.9,-48.6,13.07,0.0,0.0,0.0,0.0,0.0,0.0,0.0,0.0,0.0,0.0,0.0,0.0,0.0,0.0,0.0,0.0,0.0,0.0,,,,,,,,,,,,,0.0,0.0,0.0,,,,,,,,,,,,,0.0,0.0,0.0,0.0,0.0,0.0,0.0,0.0,0.0,0.0,0.0,0.0,0.0,0.0,0.0,0.0,0.0,0.0,0.0,0.0,0.0,0.0,0.0,0.0,0.0,0.0,0.0,0.0,0.0,0.0,0.0,0.0,0.0,0.0,0.0,0.0,0.0,0.0,0.0,0.0,0.0,0.0,0.0,0.0,0.0
17:10:46.413996,-1397.55,0.9,-1754.74,50.55,-1.05,-516.43,269.4,-797.1,-1347.94,1954.8,3980.85,-3963.48,-582.3,223.65,-1030.44,-9.9,9.45,10.65,22.8,-54.3,15.49,7.2,-36.6,30.01,7.2,-28.95,27.59,-5.4,-51.6,10.65,0.0,0.0,0.0,0.0,0.0,0.0,0.0,0.0,0.0,0.0,0.0,0.0,0.0,0.0,0.0,0.0,0.0,0.0,,,,,,,,,,,,,0.0,0.0,0.0,,,,,,,,,,,,,0.0,0.0,0.0,0.0,0.0,0.0,0.0,0.0,0.0,0.0,0.0,0.0,0.0,0.0,0.0,0.0,0.0,0.0,0.0,0.0,0.0,0.0,0.0,0.0,0.0,0.0,0.0,0.0,0.0,0.0,0.0,0.0,0.0,0.0,0.0,0.0,0.0,0.0,0.0,0.0,0.0,0.0,0.0,0.0,0.0
17:10:46.589704,-1394.4,3.0,-1753.05,49.5,-5.55,-526.11,273.45,-793.8,-1349.39,1968.45,3979.2,-3980.17,-586.05,225.3,-1038.91,-13.35,5.4,3.87,30.0,-57.9,15.97,6.45,-41.25,25.17,4.2,-27.75,24.2,-2.85,-40.35,25.41,0.0,0.0,0.0,0.0,0.0,0.0,0.0,0.0,0.0,0.0,0.0,0.0,0.0,0.0,0.0,0.0,0.0,0.0,,,,,,,,,,,,,0.0,0.0,0.0,,,,,,,,,,,,,0.0,0.0,0.0,0.0,0.0,0.0,0.0,0.0,0.0,0.0,0.0,0.0,0.0,0.0,0.0,0.0,0.0,0.0,0.0,0.0,0.0,0.0,0.0,0.0,0.0,0.0,0.0,0.0,0.0,0.0,0.0,0.0,0.0,0.0,0.0,0.0,0.0,0.0,0.0,0.0,0.0,0.0,0.0,0.0,0.0
17:10:46.765599,-1391.85,2.85,-1753.05,48.0,-4.95,-522.48,272.7,-793.05,-1343.34,1961.1,3966.75,-3978.72,-582.3,229.2,-1036.24,-13.2,9.9,15.73,29.7,-56.25,7.74,10.2,-32.85,41.62,2.85,-29.25,30.01,0.0,-46.5,19.6,0.0,0.0,0.0,0.0,0.0,0.0,0.0,0.0,0.0,0.0,0.0,0.0,0.0,0.0,0.0,0.0,0.0,0.0,,,,,,,,,,,,,0.0,0.0,0.0,,,,,,,,,,,,,0.0,0.0,0.0,0.0,0.0,0.0,0.0,0.0,0.0,0.0,0.0,0.0,0.0,0.0,0.0,0.0,0.0,0.0,0.0,0.0,0.0,0.0,0.0,0.0,0.0,0.0,0.0,0.0,0.0,0.0,0.0,0.0,0.0,0.0,0.0,0.0,0.0,0.0,0.0,0.0,0.0,0.0,0.0,0.0,0.0
17:10:46.941383,-1339.65,14.25,-1806.77,29.7,2.4,-514.49,243.0,-779.4,-1363.19,2044.2,3998.7,-4130.21,-552.9,208.05,-1060.93,-12.75,9.0,5.08,26.85,-51.75,9.44,11.1,-41.1,32.19,6.3,-36.15,24.44,-4.2,-45.3,25.17,0.0,0.0,0.0,0.0,0.0,0.0,0.0,0.0,0.0,0.0,0.0,0.0,0.0,0.0,0.0,0.0,0.0,0.0,,,,,,,,,,,,,0.0,0.0,0.0,,,,,,,,,,,,,0.0,0.0,0.0,0.0,0.0,0.0,0.0,0.0,0.0,0.0,0.0,0.0,0.0,0.0,0.0,0.0,0.0,0.0,0.0,0.0,0.0,0.0,0.0,0.0,0.0,0.0,0.0,0.0,0.0,0.0,0.0,0.0,0.0,0.0,0.0,0.0,0.0,0.0,0.0,0.0,0.0,0.0,0.0,0.0,0.0
17:10:47.117775,-1274.1,27.6,-1863.64,17.7,-7.5,-535.3,218.55,-763.8,-1379.16,2188.35,3954.0,-4455.22,-519.3,179.1,-1086.58,-10.65,11.1,16.46,27.9,-55.95,13.07,8.7,-40.5,39.69,7.35,-27.75,25.41,-0.15,-44.1,22.26,0.0,0.0,0.0,0.0,0.0,0.0,0.0,0.0,0.0,0.0,0.0,0.0,0.0,0.0,0.0,0.0,0.0,0.0,,,,,,,,,,,,,0.0,0.0,0.0,,,,,,,,,,,,,0.0,0.0,0.0,0.0,0.0,0.0,0.0,0.0,0.0,0.0,0.0,0.0,0.0,0.0,0.0,0.0,0.0,0.0,0.0,0.0,0.0,0.0,0.0,0.0,0.0,0.0,0.0,0.0,0.0,0.0,0.0,0.0,0.0,0.0,0.0,0.0,0.0,0.0,0.0,0.0,0.0,0.0,0.0,0.0,0.0
17:10:47.293345,-1188.75,41.7,-1915.19,-4.95,-19.2,-536.51,179.85,-744.15,-1402.63,2378.1,3997.95,-4820.64,-473.55,146.85,-1111.51,-11.85,4.95,13.31,25.5,-51.9,15.97,11.1,-39.6,36.54,5.25,-33.3,23.47,0.0,-43.35,20.81,0.0,0.0,0.0,0.0,0.0,0.0,0.0,0.0,0.0,0.0,0.0,0.0,0.0,0.0,0.0,0.0,0.0,0.0,,,,,,,,,,,,,0.0,0.0,0.0,,,,,,,,,,,,,0.0,0.0,0.0,0.0,0.0,0.0,0.0,0.0,0.0,0.0,0.0,0.0,0.0,0.0,0.0,0.0,0.0,0.0,0.0,0.0,0.0,0.0,0.0,0.0,0.0,0.0,0.0,0.0,0.0,0.0,0.0,0.0,0.0,0.0,0.0,0.0,0.0,0.0,0.0,0.0,0.0,0.0,0.0,0.0,0.0
17:10:47.469628,-1115.7,57.15,-1976.9,-23.7,-24.45,-545.95,150.0,-726.75,-1428.53,2572.95,3999.6,-5165.01,-429.15,114.3,-1143.69,-7.35,0.75,13.79,24.75,-53.7,14.04,11.55,-40.05,32.67,4.65,-33.0,25.65,-1.35,-46.05,19.84,0.0,0.0,0.0,0.0,0.0,0.0,0.0,0.0,0.0,0.0,0.0,0.0,0.0,0.0,0.0,0.0,0.0,0.0,,,,,,,,,,,,,0.0,0.0,0.0,,,,,,,,,,,,,0.0,0.0,0.0,0.0,0.0,0.0,0.0,0.0,0.0,0.0,0.0,0.0,0.0,0.0,0.0,0.0,0.0,0.0,0.0,0.0,0.0,0.0,0.0,0.0,0.0,0.0,0.0,0.0,0.0,0.0,0.0,0.0,0.0,0.0,0.0,0.0,0.0,0.0,0.0,0.0,0.0,0.0,0.0,0.0,0.0
17:10:47.644903,-1042.8,61.2,-2041.27,-35.1,-24.9,-544.02,105.45,-703.2,-1450.31,2758.5,3998.85,-5487.35,-393.9,81.3,-1146.11,-9.3,8.55,14.04,32.25,-51.9,10.65,14.4,-35.55,28.07,0.45,-34.35,35.33,-6.15,-49.2,17.91,0.0,0.0,0.0,0.0,0.0,0.0,0.0,0.0,0.0,0.0,0.0,0.0,0.0,0.0,0.0,0.0,0.0,0.0,,,,,,,,,,,,,0.0,0.0,0.0,,,,,,,,,,,,,0.0,0.0,0.0,0.0,0.0,0.0,0.0,0.0,0.0,0.0,0.0,0.0,0.0,0.0,0.0,0.0,0.0,0.0,0.0,0.0,0.0,0.0,0.0,0.0,0.0,0.0,0.0,0.0,0.0,0.0,0.0,0.0,0.0,0.0,0.0,0.0,0.0,0.0,0.0,0.0,0.0,0.0,0.0,0.0,0.0
17:10:47.820925,-996.6,67.35,-2059.9,-43.95,-32.1,-553.7,89.25,-696.6,-1448.85,2856.15,3995.55,-5717.25,-377.4,62.55,-1165.47,-13.8,4.2,12.1,30.3,-57.45,14.28,12.9,-32.7,39.93,4.35,-30.9,24.93,-2.85,-48.9,24.68,0.0,0.0,0.0,0.0,0.0,0.0,0.0,0.0,0.0,0.0,0.0,0.0,0.0,0.0,0.0,0.0,0.0,0.0,,,,,,,,,,,,,0.0,0.0,0.0,,,,,,,,,,,,,0.0,0.0,0.0,0.0,0.0,0.0,0.0,0.0,0.0,0.0,0.0,0.0,0.0,0.0,0.0,0.0,0.0,0.0,0.0,0.0,0.0,0.0,0.0,0.0,0.0,0.0,0.0,0.0,0.0,0.0,0.0,0.0,0.0,0.0,0.0,0.0,0.0,0.0,0.0,0.0,0.0,0.0,0.0,0.0,0.0
17:10:47.996796,-1000.35,73.8,-2065.23,-48.6,-27.75,-555.15,92.1,-693.75,-1454.42,2844.0,4006.95,-5738.79,-378.9,63.6,-1163.54,-15.6,6.9,10.41,27.75,-61.2,7.5,12.15,-39.15,37.27,0.9,-33.15,23.23,-4.8,-43.65,18.88,0.0,0.0,0.0,0.0,0.0,0.0,0.0,0.0,0.0,0.0,0.0,0.0,0.0,0.0,0.0,0.0,0.0,0.0,,,,,,,,,,,,,0.0,0.0,0.0,,,,,,,,,,,,,0.0,0.0,0.0,0.0,0.0,0.0,0.0,0.0,0.0,0.0,0.0,0.0,0.0,0.0,0.0,0.0,0.0,0.0,0.0,0.0,0.0,0.0,0.0,0.0,0.0,0.0,0.0,0.0,0.0,0.0,0.0,0.0,0.0,0.0,0.0,0.0,0.0,0.0,0.0,0.0,0.0,0.0,0.0,0.0,0.0
17:10:48.172691,-1066.8,54.75,-2010.78,-30.75,-14.1,-552.0,122.7,-708.6,-1438.21,2628.45,3992.7,-5362.24,-421.8,99.45,-1141.27,-15.15,4.35,15.97,26.55,-48.15,11.62,2.7,-45.15,30.49,10.2,-34.35,36.54,-4.05,-51.0,20.57,0.0,0.0,0.0,0.0,0.0,0.0,0.0,0.0,0.0,0.0,0.0,0.0,0.0,0.0,0.0,0.0,0.0,0.0,,,,,,,,,,,,,0.0,0.0,0.0,,,,,,,,,,,,,0.0,0.0,0.0,0.0,0.0,0.0,0.0,0.0,0.0,0.0,0.0,0.0,0.0,0.0,0.0,0.0,0.0,0.0,0.0,0.0,0.0,0.0,0.0,0.0,0.0,0.0,0.0,0.0,0.0,0.0,0.0,0.0,0.0,0.0,0.0,0.0,0.0,0.0,0.0,0.0,0.0,0.0,0.0,0.0,0.0
17:10:48.348095,-1323.15,4.05,-1824.2,32.55,-6.6,-532.64,238.05,-774.15,-1368.03,2091.0,3991.2,-4182.49,-548.25,198.6,-1058.99,-11.1,2.55,11.62,28.95,-55.65,11.37,5.1,-37.5,33.88,8.85,-31.05,29.04,-1.2,-51.6,11.86,0.0,0.0,0.0,0.0,0.0,0.0,0.0,0.0,0.0,0.0,0.0,0.0,0.0,0.0,0.0,0.0,0.0,0.0,,,,,,,,,,,,,0.0,0.0,0.0,,,,,,,,,,,,,0.0,0.0,0.0,0.0,0.0,0.0,0.0,0.0,0.0,0.0,0.0,0.0,0.0,0.0,0.0,0.0,0.0,0.0,0.0,0.0,0.0,0.0,0.0,0.0,0.0,0.0,0.0,0.0,0.0,0.0,0.0,0.0,0.0,0.0,0.0,0.0,0.0,0.0,0.0,0.0,0.0,0.0,0.0,0.0,0.0
17:10:48.524276,-1350.6,6.6,-1786.44,37.35,-5.4,-532.16,253.65,-786.3,-1345.76,2023.5,3983.25,-4080.85,-557.85,211.05,-1052.94,-14.7,6.75,7.99,26.1,-55.35,20.33,10.05,-40.2,28.8,-2.1,-34.2,24.93,-4.35,-44.7,24.44,0.0,0.0,0.0,0.0,0.0,0.0,0.0,0.0,0.0,0.0,0.0,0.0,0.0,0.0,0.0,0.0,0.0,0.0,,,,,,,,,,,,,0.0,0.0,0.0,,,,,,,,,,,,,0.0,0.0,0.0,0.0,0.0,0.0,0.0,0.0,0.0,0.0,0.0,0.0,0.0,0.0,0.0,0.0,0.0,0.0,0.0,0.0,0.0,0.0,0.0,0.0,0.0,0.0,0.0,0.0,0.0,0.0,0.0,0.0,0.0,0.0,0.0,0.0,0.0,0.0,0.0,0.0,0.0,0.0,0.0,0.0,0.0
17:10:48.699778,-1375.5,9.45,-1781.6,43.5,1.95,-532.64,263.4,-793.2,-1347.94,2002.35,3979.65,-4055.92,-571.65,211.2,-1042.29,-9.0,6.0,18.63,21.9,-56.7,7.5,13.95,-43.95,31.46,5.55,-31.65,30.98,-3.6,-52.35,22.75,0.0,0.0,0.0,0.0,0.0,0.0,0.0,0.0,0.0,0.0,0.0,0.0,0.0,0.0,0.0,0.0,0.0,0.0,,,,,,,,,,,,,0.0,0.0,0.0,,,,,,,,,,,,,0.0,0.0,0.0,0.0,0.0,0.0,0.0,0.0,0.0,0.0,0.0,0.0,0.0,0.0,0.0,0.0,0.0,0.0,0.0,0.0,0.0,0.0,0.0,0.0,0.0,0.0,0.0,0.0,0.0,0.0,0.0,0.0,0.0,0.0,0.0,0.0,0.0,0.0,0.0,0.0,0.0,0.0,0.0,0.0,0.0
17:10:48.875872,-1377.45,11.1,-1780.15,45.3,1.95,-528.77,260.1,-782.1,-1354.47,1985.25,3981.6,-4036.08,-571.2,213.45,-1048.34,-13.35,8.55,17.67,22.95,-51.0,11.37,11.25,-34.5,35.82,6.0,-37.5,33.88,0.15,-45.9,17.18,0.0,0.0,0.0,0.0,0.0,0.0,0.0,0.0,0.0,0.0,0.0,0.0,0.0,0.0,0.0,0.0,0.0,0.0,,,,,,,,,,,,,0.0,0.0,0.0,,,,,,,,,,,,,0.0,0.0,0.0,0.0,0.0,0.0,0.0,0.0,0.0,0.0,0.0,0.0,0.0,0.0,0.0,0.0,0.0,0.0,0.0,0.0,0.0,0.0,0.0,0.0,0.0,0.0,0.0,0.0,0.0,0.0,0.0,0.0,0.0,0.0,0.0,0.0,0.0,0.0,0.0,0.0,0.0,0.0,0.0,0.0,0.0
17:10:49.051285,-1376.25,8.85,-1762.97,42.45,-8.4,-520.06,269.25,-790.65,-1353.51,1976.7,3990.45,-4018.89,-570.9,219.15,-1042.78,-17.4,8.4,11.62,27.15,-54.75,19.84,8.55,-43.2,30.01,7.35,-33.0,28.8,-7.8,-50.4,27.83,0.0,0.0,0.0,0.0,0.0,0.0,0.0,0.0,0.0,0.0,0.0,0.0,0.0,0.0,0.0,0.0,0.0,0.0,,,,,,,,,,,,,0.0,0.0,0.0,,,,,,,,,,,,,0.0,0.0,0.0,0.0,0.0,0.0,0.0,0.0,0.0,0.0,0.0,0.0,0.0,0.0,0.0,0.0,0.0,0.0,0.0,0.0,0.0,0.0,0.0,0.0,0.0,0.0,0.0,0.0,0.0,0.0,0.0,0.0,0.0,0.0,0.0,0.0,0.0,0.0,0.0,0.0,0.0,0.0,0.0,0.0,0.0
17:10:49.227509,-1376.7,4.95,-1781.12,39.9,-2.25,-525.87,262.65,-786.75,-1344.07,1978.5,3984.0,-4025.19,-571.35,212.4,-1047.86,-13.05,9.15,17.91,27.0,-52.8,19.12,14.25,-38.85,28.56,3.45,-36.15,25.41,-0.15,-46.2,23.96,0.0,0.0,0.0,0.0,0.0,0.0,0.0,0.0,0.0,0.0,0.0,0.0,0.0,0.0,0.0,0.0,0.0,0.0,,,,,,,,,,,,,0.0,0.0,0.0,,,,,,,,,,,,,0.0,0.0,0.0,0.0,0.0,0.0,0.0,0.0,0.0,0.0,0.0,0.0,0.0,0.0,0.0,0.0,0.0,0.0,0.0,0.0,0.0,0.0,0.0,0.0,0.0,0.0,0.0,0.0,0.0,0.0,0.0,0.0,0.0,0.0,0.0,0.0,0.0,0.0,0.0,0.0,0.0,0.0,0.0,0.0,0.0
17:10:49.403165,-1383.3,4.2,-1769.99,44.25,1.05,-516.67,266.1,-793.95,-1352.78,1968.75,3977.7,-4023.25,-574.65,224.1,-1048.1,-17.85,3.45,10.89,26.1,-51.6,10.65,12.0,-35.1,26.38,6.6,-35.25,34.85,-4.2,-49.65,17.91,0.0,0.0,0.0,0.0,0.0,0.0,0.0,0.0,0.0,0.0,0.0,0.0,0.0,0.0,0.0,0.0,0.0,0.0,,,,,,,,,,,,,0.0,0.0,0.0,,,,,,,,,,,,,0.0,0.0,0.0,0.0,0.0,0.0,0.0,0.0,0.0,0.0,0.0,0.0,0.0,0.0,0.0,0.0,0.0,0.0,0.0,0.0,0.0,0.0,0.0,0.0,0.0,0.0,0.0,0.0,0.0,0.0,0.0,0.0,0.0,0.0,0.0,0.0,0.0,0.0,0.0,0.0,0.0,0.0,0.0,0.0,0.0
17:10:49.579082,-1377.0,8.85,-1778.7,37.2,-6.6,-527.8,267.45,-791.7,-1352.05,1960.8,3985.5,-4016.96,-572.25,224.1,-1048.34,-15.3,5.7,18.63,29.25,-55.95,6.53,6.9,-41.85,34.85,0.0,-26.4,26.86,-6.45,-45.6,25.89,0.0,0.0,0.0,0.0,0.0,0.0,0.0,0.0,0.0,0.0,0.0,0.0,0.0,0.0,0.0,0.0,0.0,0.0,,,,,,,,,,,,,0.0,0.0,0.0,,,,,,,,,,,,,0.0,0.0,0.0,0.0,0.0,0.0,0.0,0.0,0.0,0.0,0.0,0.0,0.0,0.0,0.0,0.0,0.0,0.0,0.0,0.0,0.0,0.0,0.0,0.0,0.0,0.0,0.0,0.0,0.0,0.0,0.0,0.0,0.0,0.0,0.0,0.0,0.0,0.0,0.0,0.0,0.0,0.0,0.0,0.0,0.0
17:10:49.754897,-1372.95,2.55,-1755.71,48.45,-4.8,-522.24,268.05,-787.65,-1352.78,1955.85,3982.05,-4022.77,-574.8,223.35,-1036.73,-14.4,8.4,16.46,25.2,-54.0,10.41,10.8,-33.75,33.15,6.6,-30.15,31.46,-2.4,-51.3,19.36,0.0,0.0,0.0,0.0,0.0,0.0,0.0,0.0,0.0,0.0,0.0,0.0,0.0,0.0,0.0,0.0,0.0,0.0,,,,,,,,,,,,,0.0,0.0,0.0,,,,,,,,,,,,,0.0,0.0,0.0,0.0,0.0,0.0,0.0,0.0,0.0,0.0,0.0,0.0,0.0,0.0,0.0,0.0,0.0,0.0,0.0,0.0,0.0,0.0,0.0,0.0,0.0,0.0,0.0,0.0,0.0,0.0,0.0,0.0,0.0,0.0,0.0,0.0,0.0,0.0,0.0,0.0,0.0,0.0,0.0,0.0,0.0
17:10:49.930836,-1358.4,25.65,-1790.32,46.35,-26.85,-525.14,250.05,-791.55,-1341.65,1863.75,3991.05,-4217.82,-558.0,230.25,-1057.54,-19.95,12.3,5.32,24.6,-56.55,8.47,9.15,-40.35,23.96,6.75,-29.85,14.04,-3.0,-46.2,28.07,0.0,0.0,0.0,0.0,0.0,0.0,0.0,0.0,0.0,0.0,0.0,0.0,0.0,0.0,0.0,0.0,0.0,0.0,,,,,,,,,,,,,0.0,0.0,0.0,,,,,,,,,,,,,0.0,0.0,0.0,0.0,0.0,0.0,0.0,0.0,0.0,0.0,0.0,0.0,0.0,0.0,0.0,0.0,0.0,0.0,0.0,0.0,0.0,0.0,0.0,0.0,0.0,0.0,0.0,0.0,0.0,0.0,0.0,0.0,0.0,0.0,0.0,0.0,0.0,0.0,0.0,0.0,0.0,0.0,0.0,0.0,0.0
17:10:50.107010,-1358.4,27.6,-1812.58,45.9,-21.45,-529.01,252.45,-794.1,-1359.56,1918.65,3989.1,-3962.51,-550.8,233.25,-1082.95,-15.3,4.8,15.0,29.4,-56.25,11.37,10.35,-36.0,31.22,4.65,-37.65,26.14,0.75,-51.0,17.67,0.0,0.0,0.0,0.0,0.0,0.0,0.0,0.0,0.0,0.0,0.0,0.0,0.0,0.0,0.0,0.0,0.0,0.0,,,,,,,,,,,,,0.0,0.0,0.0,,,,,,,,,,,,,0.0,0.0,0.0,0.0,0.0,0.0,0.0,0.0,0.0,0.0,0.0,0.0,0.0,0.0,0.0,0.0,0.0,0.0,0.0,0.0,0.0,0.0,0.0,0.0,0.0,0.0,0.0,0.0,0.0,0.0,0.0,0.0,0.0,0.0,0.0,0.0,0.0,0.0,0.0,0.0,0.0,0.0,0.0,0.0,0.0
17:10:50.282687,-1334.4,29.7,-1837.75,40.5,-26.85,-529.5,234.6,-782.1,-1371.66,1985.55,3988.2,-3997.11,-534.3,211.5,-1079.32,-13.8,-2.55,8.95,24.15,-53.7,18.88,10.35,-38.25,34.61,7.65,-32.1,28.56,1.95,-49.65,15.0,0.0,0.0,0.0,0.0,0.0,0.0,0.0,0.0,0.0,0.0,0.0,0.0,0.0,0.0,0.0,0.0,0.0,0.0,,,,,,,,,,,,,0.0,0.0,0.0,,,,,,,,,,,,,0.0,0.0,0.0,0.0,0.0,0.0,0.0,0.0,0.0,0.0,0.0,0.0,0.0,0.0,0.0,0.0,0.0,0.0,0.0,0.0,0.0,0.0,0.0,0.0,0.0,0.0,0.0,0.0,0.0,0.0,0.0,0.0,0.0,0.0,0.0,0.0,0.0,0.0,0.0,0.0,0.0,0.0,0.0,0.0,0.0
17:10:50.457779,-1317.75,34.65,-1856.38,33.0,-24.45,-534.82,237.6,-781.8,-1372.62,2021.4,3983.1,-3998.57,-530.1,206.55,-1103.04,-16.35,4.2,19.6,25.35,-54.75,7.5,12.6,-40.5,29.28,8.4,-32.1,24.44,-7.65,-48.45,13.07,0.0,0.0,0.0,0.0,0.0,0.0,0.0,0.0,0.0,0.0,0.0,0.0,0.0,0.0,0.0,0.0,0.0,0.0,,,,,,,,,,,,,0.0,0.0,0.0,,,,,,,,,,,,,0.0,0.0,0.0,0.0,0.0,0.0,0.0,0.0,0.0,0.0,0.0,0.0,0.0,0.0,0.0,0.0,0.0,0.0,0.0,0.0,0.0,0.0,0.0,0.0,0.0,0.0,0.0,0.0,0.0,0.0,0.0,0.0,0.0,0.0,0.0,0.0,0.0,0.0,0.0,0.0,0.0,0.0,0.0,0.0,0.0
17:10:50.634512,-1309.95,33.0,-1865.34,33.45,-17.7,-525.38,225.75,-773.4,-1388.84,2050.8,3993.3,-4006.55,-521.1,201.75,-1092.39,-20.55,8.1,16.7,28.2,-54.3,16.7,12.15,-40.65,31.22,4.2,-30.9,32.19,-3.75,-51.45,27.1,0.0,0.0,0.0,0.0,0.0,0.0,0.0,0.0,0.0,0.0,0.0,0.0,0.0,0.0,0.0,0.0,0.0,0.0,,,,,,,,,,,,,0.0,0.0,0.0,,,,,,,,,,,,,0.0,0.0,0.0,0.0,0.0,0.0,0.0,0.0,0.0,0.0,0.0,0.0,0.0,0.0,0.0,0.0,0.0,0.0,0.0,0.0,0.0,0.0,0.0,0.0,0.0,0.0,0.0,0.0,0.0,0.0,0.0,0.0,0.0,0.0,0.0,0.0,0.0,0.0,0.0,0.0,0.0,0.0,0.0,0.0,0.0
17:10:50.810243,-1296.0,29.7,-1878.16,23.25,-23.85,-537.72,212.85,-770.55,-1386.66,2071.2,4001.25,-4026.15,-520.05,187.8,-1099.41,-17.4,6.45,22.75,29.4,-55.2,15.97,11.1,-38.4,31.46,4.5,-25.65,23.96,-4.5,-51.6,24.68,0.0,0.0,0.0,0.0,0.0,0.0,0.0,0.0,0.0,0.0,0.0,0.0,0.0,0.0,0.0,0.0,0.0,0.0,,,,,,,,,,,,,0.0,0.0,0.0,,,,,,,,,,,,,0.0,0.0,0.0,0.0,0.0,0.0,0.0,0.0,0.0,0.0,0.0,0.0,0.0,0.0,0.0,0.0,0.0,0.0,0.0,0.0,0.0,0.0,0.0,0.0,0.0,0.0,0.0,0.0,0.0,0.0,0.0,0.0,0.0,0.0,0.0,0.0,0.0,0.0,0.0,0.0,0.0,0.0,0.0,0.0,0.0
17:10:50.985799,-1339.2,30.45,-1834.84,30.3,-13.95,-536.51,234.9,-790.2,-1361.98,1967.25,3982.05,-3916.77,-547.95,219.45,-1081.74,-13.5,5.1,16.46,27.0,-52.35,10.65,10.2,-41.4,37.03,6.9,-33.6,24.93,0.3,-47.4,22.51,0.0,0.0,0.0,0.0,0.0,0.0,0.0,0.0,0.0,0.0,0.0,0.0,0.0,0.0,0.0,0.0,0.0,0.0,,,,,,,,,,,,,0.0,0.0,0.0,,,,,,,,,,,,,0.0,0.0,0.0,0.0,0.0,0.0,0.0,0.0,0.0,0.0,0.0,0.0,0.0,0.0,0.0,0.0,0.0,0.0,0.0,0.0,0.0,0.0,0.0,0.0,0.0,0.0,0.0,0.0,0.0,0.0,0.0,0.0,0.0,0.0,0.0,0.0,0.0,0.0,0.0,0.0,0.0,0.0,0.0,0.0,0.0
17:10:51.161742,-1391.1,8.25,-1789.11,41.1,-4.05,-534.82,262.5,-794.25,-1349.39,1955.4,3979.05,-3721.96,-577.5,220.8,-1050.28,-16.5,3.0,11.13,29.55,-53.7,16.94,7.35,-37.2,37.51,6.75,-38.4,23.47,-2.25,-50.25,22.02,0.0,0.0,0.0,0.0,0.0,0.0,0.0,0.0,0.0,0.0,0.0,0.0,0.0,0.0,0.0,0.0,0.0,0.0,,,,,,,,,,,,,0.0,0.0,0.0,,,,,,,,,,,,,0.0,0.0,0.0,0.0,0.0,0.0,0.0,0.0,0.0,0.0,0.0,0.0,0.0,0.0,0.0,0.0,0.0,0.0,0.0,0.0,0.0,0.0,0.0,0.0,0.0,0.0,0.0,0.0,0.0,0.0,0.0,0.0,0.0,0.0,0.0,0.0,0.0,0.0,0.0,0.0,0.0,0.0,0.0,0.0,0.0
17:10:51.337807,-1371.75,5.85,-1804.11,34.05,-4.05,-530.46,255.15,-785.85,-1363.91,1872.45,3976.8,-3769.63,-572.25,213.9,-1051.73,-14.25,2.55,13.55,25.5,-57.75,15.49,15.3,-42.6,34.36,-0.3,-34.05,30.73,3.6,-43.05,23.47,0.0,0.0,0.0,0.0,0.0,0.0,0.0,0.0,0.0,0.0,0.0,0.0,0.0,0.0,0.0,0.0,0.0,0.0,,,,,,,,,,,,,0.0,0.0,0.0,,,,,,,,,,,,,0.0,0.0,0.0,0.0,0.0,0.0,0.0,0.0,0.0,0.0,0.0,0.0,0.0,0.0,0.0,0.0,0.0,0.0,0.0,0.0,0.0,0.0,0.0,0.0,0.0,0.0,0.0,0.0,0.0,0.0,0.0,0.0,0.0,0.0,0.0,0.0,0.0,0.0,0.0,0.0,0.0,0.0,0.0,0.0,0.0
17:10:51.518736,-1231.05,2.1,-1940.84,-1.5,-8.25,-554.18,186.0,-717.9,-1413.04,1806.15,3996.75,-4072.86,-526.8,155.55,-1113.68,-14.7,9.15,7.5,31.95,-54.3,9.92,7.8,-40.65,28.56,7.35,-36.15,21.78,-3.75,-47.55,25.89,0.0,0.0,0.0,0.0,0.0,0.0,0.0,0.0,0.0,0.0,0.0,0.0,0.0,0.0,0.0,0.0,0.0,0.0,,,,,,,,,,,,,0.0,0.0,0.0,,,,,,,,,,,,,0.0,0.0,0.0,0.0,0.0,0.0,0.0,0.0,0.0,0.0,0.0,0.0,0.0,0.0,0.0,0.0,0.0,0.0,0.0,0.0,0.0,0.0,0.0,0.0,0.0,0.0,0.0,0.0,0.0,0.0,0.0,0.0,0.0,0.0,0.0,0.0,0.0,0.0,0.0,0.0,0.0,0.0,0.0,0.0,0.0
17:10:51.684119,-1143.15,-9.3,-2020.94,-20.25,-6.3,-551.76,148.8,-686.25,-1458.05,1822.8,3997.8,-4149.82,-495.75,116.55,-1152.89,-12.3,11.25,17.91,28.5,-54.0,9.68,3.9,-35.7,27.1,4.35,-30.75,25.65,-6.0,-44.55,16.7,0.0,0.0,0.0,0.0,0.0,0.0,0.0,0.0,0.0,0.0,0.0,0.0,0.0,0.0,0.0,0.0,0.0,0.0,,,,,,,,,,,,,0.0,0.0,0.0,,,,,,,,,,,,,0.0,0.0,0.0,0.0,0.0,0.0,0.0,0.0,0.0,0.0,0.0,0.0,0.0,0.0,0.0,0.0,0.0,0.0,0.0,0.0,0.0,0.0,0.0,0.0,0.0,0.0,0.0,0.0,0.0,0.0,0.0,0.0,0.0,0.0,0.0,0.0,0.0,0.0,0.0,0.0,0.0,0.0,0.0,0.0,0.0
17:10:51.855098,-1108.65,-15.9,-2049.74,-31.2,-9.9,-562.17,123.15,-664.2,-1478.14,1815.75,3985.2,-4174.02,-484.2,86.55,-1161.12,-13.8,10.05,7.26,28.2,-58.2,13.31,7.35,-38.85,34.12,2.4,-29.85,26.38,-2.1,-51.45,19.6,0.0,0.0,0.0,0.0,0.0,0.0,0.0,0.0,0.0,0.0,0.0,0.0,0.0,0.0,0.0,0.0,0.0,0.0,,,,,,,,,,,,,0.0,0.0,0.0,,,,,,,,,,,,,0.0,0.0,0.0,0.0,0.0,0.0,0.0,0.0,0.0,0.0,0.0,0.0,0.0,0.0,0.0,0.0,0.0,0.0,0.0,0.0,0.0,0.0,0.0,0.0,0.0,0.0,0.0,0.0,0.0,0.0,0.0,0.0,0.0,0.0,0.0,0.0,0.0,0.0,0.0,0.0,0.0,0.0,0.0,0.0,0.0
17:10:52.031320,-1103.55,-11.4,-2063.29,-32.4,-1.65,-550.55,126.15,-664.2,-1481.28,1801.5,3980.1,-4090.53,-483.3,83.1,-1165.23,-13.5,4.05,14.52,30.3,-53.7,11.37,7.35,-38.85,35.33,8.85,-34.8,21.78,-4.8,-40.65,17.67,0.0,0.0,0.0,0.0,0.0,0.0,0.0,0.0,0.0,0.0,0.0,0.0,0.0,0.0,0.0,0.0,0.0,0.0,,,,,,,,,,,,,0.0,0.0,0.0,,,,,,,,,,,,,0.0,0.0,0.0,0.0,0.0,0.0,0.0,0.0,0.0,0.0,0.0,0.0,0.0,0.0,0.0,0.0,0.0,0.0,0.0,0.0,0.0,0.0,0.0,0.0,0.0,0.0,0.0,0.0,0.0,0.0,0.0,0.0,0.0,0.0,0.0,0.0,0.0,0.0,0.0,0.0,0.0,0.0,0.0,0.0,0.0
17:10:52.207126,-1082.55,-18.45,-2080.47,-40.2,-1.35,-560.23,119.7,-653.55,-1479.1,1798.5,3986.85,-4059.07,-476.7,75.3,-1167.17,-17.7,6.6,12.58,30.75,-53.55,12.58,10.35,-40.8,32.43,1.5,-29.25,28.07,-5.7,-50.85,29.52,0.0,0.0,0.0,0.0,0.0,0.0,0.0,0.0,0.0,0.0,0.0,0.0,0.0,0.0,0.0,0.0,0.0,0.0,,,,,,,,,,,,,0.0,0.0,0.0,,,,,,,,,,,,,0.0,0.0,0.0,0.0,0.0,0.0,0.0,0.0,0.0,0.0,0.0,0.0,0.0,0.0,0.0,0.0,0.0,0.0,0.0,0.0,0.0,0.0,0.0,0.0,0.0,0.0,0.0,0.0,0.0,0.0,0.0,0.0,0.0,0.0,0.0,0.0,0.0,0.0,0.0,0.0,0.0,0.0,0.0,0.0,0.0
17:10:52.382341,-1223.85,-9.9,-1956.81,-15.3,-4.8,-551.76,183.15,-714.75,-1423.2,1801.35,3986.1,-3894.99,-520.95,149.85,-1118.28,-7.5,5.25,13.31,25.05,-51.75,13.31,12.15,-37.95,34.36,-0.75,-34.35,29.77,-0.75,-47.4,22.02,0.0,0.0,0.0,0.0,0.0,0.0,0.0,0.0,0.0,0.0,0.0,0.0,0.0,0.0,0.0,0.0,0.0,0.0,,,,,,,,,,,,,0.0,0.0,0.0,,,,,,,,,,,,,0.0,0.0,0.0,0.0,0.0,0.0,0.0,0.0,0.0,0.0,0.0,0.0,0.0,0.0,0.0,0.0,0.0,0.0,0.0,0.0,0.0,0.0,0.0,0.0,0.0,0.0,0.0,0.0,0.0,0.0,0.0,0.0,0.0,0.0,0.0,0.0,0.0,0.0,0.0,0.0,0.0,0.0,0.0,0.0,0.0
17:10:52.558319,-1360.65,-2.85,-1826.37,27.9,-5.4,-535.55,246.15,-776.7,-1373.35,1934.55,3974.55,-3663.64,-577.65,206.7,-1068.91,-16.2,5.55,14.04,29.55,-50.55,6.78,7.8,-36.45,36.78,4.5,-38.1,30.98,-0.45,-48.9,28.07,0.0,0.0,0.0,0.0,0.0,0.0,0.0,0.0,0.0,0.0,0.0,0.0,0.0,0.0,0.0,0.0,0.0,0.0,,,,,,,,,,,,,0.0,0.0,0.0,,,,,,,,,,,,,0.0,0.0,0.0,0.0,0.0,0.0,0.0,0.0,0.0,0.0,0.0,0.0,0.0,0.0,0.0,0.0,0.0,0.0,0.0,0.0,0.0,0.0,0.0,0.0,0.0,0.0,0.0,0.0,0.0,0.0,0.0,0.0,0.0,0.0,0.0,0.0,0.0,0.0,0.0,0.0,0.0,0.0,0.0,0.0,0.0
17:10:52.734649,-1376.55,1.2,-1806.29,37.35,0.75,-528.29,253.2,-777.0,-1367.78,1942.35,3972.45,-3663.15,-568.95,208.5,-1062.86,-15.0,1.05,12.1,25.05,-56.25,22.02,5.4,-42.3,29.52,8.1,-35.55,23.96,-1.95,-45.75,15.0,0.0,0.0,0.0,0.0,0.0,0.0,0.0,0.0,0.0,0.0,0.0,0.0,0.0,0.0,0.0,0.0,0.0,0.0,,,,,,,,,,,,,0.0,0.0,0.0,,,,,,,,,,,,,0.0,0.0,0.0,0.0,0.0,0.0,0.0,0.0,0.0,0.0,0.0,0.0,0.0,0.0,0.0,0.0,0.0,0.0,0.0,0.0,0.0,0.0,0.0,0.0,0.0,0.0,0.0,0.0,0.0,0.0,0.0,0.0,0.0,0.0,0.0,0.0,0.0,0.0,0.0,0.0,0.0,0.0,0.0,0.0,0.0
17:10:52.910544,-1376.85,-0.9,-1798.06,33.15,-8.25,-527.32,261.0,-786.9,-1368.27,1945.95,3975.75,-3658.07,-572.55,212.25,-1052.7,-9.15,4.65,15.97,25.05,-52.2,18.15,12.3,-39.15,34.85,5.4,-34.05,29.28,-3.75,-45.15,21.05,0.0,0.0,0.0,0.0,0.0,0.0,0.0,0.0,0.0,0.0,0.0,0.0,0.0,0.0,0.0,0.0,0.0,0.0,,,,,,,,,,,,,0.0,0.0,0.0,,,,,,,,,,,,,0.0,0.0,0.0,0.0,0.0,0.0,0.0,0.0,0.0,0.0,0.0,0.0,0.0,0.0,0.0,0.0,0.0,0.0,0.0,0.0,0.0,0.0,0.0,0.0,0.0,0.0,0.0,0.0,0.0,0.0,0.0,0.0,0.0,0.0,0.0,0.0,0.0,0.0,0.0,0.0,0.0,0.0,0.0,0.0,0.0
17:10:53.086191,-1380.0,-3.3,-1798.54,32.7,-6.0,-529.25,259.95,-781.8,-1370.45,1947.15,3992.85,-3677.43,-571.8,213.75,-1057.78,-13.35,4.35,19.6,27.75,-54.15,15.97,6.45,-36.9,35.09,3.0,-35.1,21.05,-3.3,-45.75,22.02,0.0,0.0,0.0,0.0,0.0,0.0,0.0,0.0,0.0,0.0,0.0,0.0,0.0,0.0,0.0,0.0,0.0,0.0,,,,,,,,,,,,,0.0,0.0,0.0,,,,,,,,,,,,,0.0,0.0,0.0,0.0,0.0,0.0,0.0,0.0,0.0,0.0,0.0,0.0,0.0,0.0,0.0,0.0,0.0,0.0,0.0,0.0,0.0,0.0,0.0,0.0,0.0,0.0,0.0,0.0,0.0,0.0,0.0,0.0,0.0,0.0,0.0,0.0,0.0,0.0,0.0,0.0,0.0,0.0,0.0,0.0,0.0
17:10:53.268094,-1374.0,-1.8,-1814.52,38.1,-4.5,-539.66,255.45,-782.4,-1362.22,1933.8,3996.3,-3704.54,-573.3,213.0,-1052.7,-16.05,4.95,19.12,22.05,-51.75,6.29,5.4,-36.9,30.73,4.65,-33.45,24.93,3.9,-53.1,25.89,0.0,0.0,0.0,0.0,0.0,0.0,0.0,0.0,0.0,0.0,0.0,0.0,0.0,0.0,0.0,0.0,0.0,0.0,,,,,,,,,,,,,0.0,0.0,0.0,,,,,,,,,,,,,0.0,0.0,0.0,0.0,0.0,0.0,0.0,0.0,0.0,0.0,0.0,0.0,0.0,0.0,0.0,0.0,0.0,0.0,0.0,0.0,0.0,0.0,0.0,0.0,0.0,0.0,0.0,0.0,0.0,0.0,0.0,0.0,0.0,0.0,0.0,0.0,0.0,0.0,0.0,0.0,0.0,0.0,0.0,0.0,0.0
17:10:53.432987,-1331.55,1.2,-1841.86,26.4,3.6,-536.27,239.85,-765.45,-1379.16,1936.95,3987.15,-3762.86,-559.2,198.15,-1068.43,-17.25,3.15,13.79,27.15,-55.35,14.28,4.95,-41.55,39.2,7.95,-34.2,28.56,-3.15,-48.3,21.05,0.0,0.0,0.0,0.0,0.0,0.0,0.0,0.0,0.0,0.0,0.0,0.0,0.0,0.0,0.0,0.0,0.0,0.0,,,,,,,,,,,,,0.0,0.0,0.0,,,,,,,,,,,,,0.0,0.0,0.0,0.0,0.0,0.0,0.0,0.0,0.0,0.0,0.0,0.0,0.0,0.0,0.0,0.0,0.0,0.0,0.0,0.0,0.0,0.0,0.0,0.0,0.0,0.0,0.0,0.0,0.0,0.0,0.0,0.0,0.0,0.0,0.0,0.0,0.0,0.0,0.0,0.0,0.0,0.0,0.0,0.0,0.0
17:10:53.604079,-1102.65,-7.8,-2056.52,-28.35,-7.05,-555.87,129.45,-659.55,-1470.63,1926.9,3990.0,-4389.15,-478.5,91.2,-1162.81,-8.4,9.45,12.83,31.65,-49.95,12.1,8.55,-35.55,23.23,8.4,-33.45,27.83,-3.3,-51.9,27.35,0.0,0.0,0.0,0.0,0.0,0.0,0.0,0.0,0.0,0.0,0.0,0.0,0.0,0.0,0.0,0.0,0.0,0.0,,,,,,,,,,,,,0.0,0.0,0.0,,,,,,,,,,,,,0.0,0.0,0.0,0.0,0.0,0.0,0.0,0.0,0.0,0.0,0.0,0.0,0.0,0.0,0.0,0.0,0.0,0.0,0.0,0.0,0.0,0.0,0.0,0.0,0.0,0.0,0.0,0.0,0.0,0.0,0.0,0.0,0.0,0.0,0.0,0.0,0.0,0.0,0.0,0.0,0.0,0.0,0.0,0.0,0.0
17:10:53.779971,-915.9,-36.45,-2185.5,-76.5,3.0,-565.07,58.05,-575.25,-1538.64,1952.4,4007.55,-4954.95,-427.05,15.9,-1207.82,-13.8,5.4,15.49,26.4,-51.75,8.47,12.9,-39.6,25.89,12.6,-28.5,24.93,0.75,-45.75,21.05,0.0,0.0,0.0,0.0,0.0,0.0,0.0,0.0,0.0,0.0,0.0,0.0,0.0,0.0,0.0,0.0,0.0,0.0,,,,,,,,,,,,,0.0,0.0,0.0,,,,,,,,,,,,,0.0,0.0,0.0,0.0,0.0,0.0,0.0,0.0,0.0,0.0,0.0,0.0,0.0,0.0,0.0,0.0,0.0,0.0,0.0,0.0,0.0,0.0,0.0,0.0,0.0,0.0,0.0,0.0,0.0,0.0,0.0,0.0,0.0,0.0,0.0,0.0,0.0,0.0,0.0,0.0,0.0,0.0,0.0,0.0,0.0
17:10:53.955227,-835.05,-47.7,-2253.5,-95.1,7.2,-571.36,15.15,-543.75,-1567.92,1981.35,4014.15,-5252.61,-406.8,-23.85,-1221.13,-13.05,12.9,17.42,27.3,-54.6,7.26,11.25,-36.75,25.89,4.95,-34.05,22.02,1.95,-44.25,26.62,0.0,0.0,0.0,0.0,0.0,0.0,0.0,0.0,0.0,0.0,0.0,0.0,0.0,0.0,0.0,0.0,0.0,0.0,,,,,,,,,,,,,0.0,0.0,0.0,,,,,,,,,,,,,0.0,0.0,0.0,0.0,0.0,0.0,0.0,0.0,0.0,0.0,0.0,0.0,0.0,0.0,0.0,0.0,0.0,0.0,0.0,0.0,0.0,0.0,0.0,0.0,0.0,0.0,0.0,0.0,0.0,0.0,0.0,0.0,0.0,0.0,0.0,0.0,0.0,0.0,0.0,0.0,0.0,0.0,0.0,0.0,0.0
17:10:54.131956,-839.55,-49.35,-2239.47,-90.15,1.65,-578.86,22.35,-543.15,-1573.97,1996.95,4019.4,-5202.27,-406.35,-22.95,-1222.1,-15.15,10.35,15.0,29.4,-55.05,13.79,12.0,-35.55,31.22,3.45,-35.55,24.93,1.35,-44.4,18.63,0.0,0.0,0.0,0.0,0.0,0.0,0.0,0.0,0.0,0.0,0.0,0.0,0.0,0.0,0.0,0.0,0.0,0.0,,,,,,,,,,,,,0.0,0.0,0.0,,,,,,,,,,,,,0.0,0.0,0.0,0.0,0.0,0.0,0.0,0.0,0.0,0.0,0.0,0.0,0.0,0.0,0.0,0.0,0.0,0.0,0.0,0.0,0.0,0.0,0.0,0.0,0.0,0.0,0.0,0.0,0.0,0.0,0.0,0.0,0.0,0.0,0.0,0.0,0.0,0.0,0.0,0.0,0.0,0.0,0.0,0.0,0.0
17:10:54.307985,-1144.95,-19.05,-2019.73,-26.7,7.95,-557.33,155.4,-680.85,-1449.82,1929.6,4004.55,-4242.26,-495.45,114.75,-1136.92,-15.45,15.75,14.28,30.9,-59.85,14.76,13.35,-37.35,33.64,7.5,-33.3,29.04,-6.3,-51.0,18.88,0.0,0.0,0.0,0.0,0.0,0.0,0.0,0.0,0.0,0.0,0.0,0.0,0.0,0.0,0.0,0.0,0.0,0.0,,,,,,,,,,,,,0.0,0.0,0.0,,,,,,,,,,,,,0.0,0.0,0.0,0.0,0.0,0.0,0.0,0.0,0.0,0.0,0.0,0.0,0.0,0.0,0.0,0.0,0.0,0.0,0.0,0.0,0.0,0.0,0.0,0.0,0.0,0.0,0.0,0.0,0.0,0.0,0.0,0.0,0.0,0.0,0.0,0.0,0.0,0.0,0.0,0.0,0.0,0.0,0.0,0.0,0.0
17:10:54.483661,-1332.3,-4.65,-1841.86,23.55,0.3,-532.64,242.85,-765.3,-1384.72,1951.35,3995.25,-3796.01,-556.2,194.1,-1068.67,-9.75,8.85,20.81,27.45,-60.6,10.16,9.0,-43.65,29.77,3.9,-28.8,22.51,-3.9,-47.4,27.35,0.0,0.0,0.0,0.0,0.0,0.0,0.0,0.0,0.0,0.0,0.0,0.0,0.0,0.0,0.0,0.0,0.0,0.0,,,,,,,,,,,,,0.0,0.0,0.0,,,,,,,,,,,,,0.0,0.0,0.0,0.0,0.0,0.0,0.0,0.0,0.0,0.0,0.0,0.0,0.0,0.0,0.0,0.0,0.0,0.0,0.0,0.0,0.0,0.0,0.0,0.0,0.0,0.0,0.0,0.0,0.0,0.0,0.0,0.0,0.0,0.0,0.0,0.0,0.0,0.0,0.0,0.0,0.0,0.0,0.0,0.0,0.0
17:10:54.659366,-1362.6,-1.35,-1828.31,29.1,-3.6,-545.47,249.15,-771.6,-1375.29,1950.6,3980.4,-3772.54,-568.2,207.15,-1059.23,-6.0,6.0,15.25,25.35,-54.45,6.05,14.1,-38.85,30.73,1.5,-33.9,26.62,-9.6,-48.0,32.67,0.0,0.0,0.0,0.0,0.0,0.0,0.0,0.0,0.0,0.0,0.0,0.0,0.0,0.0,0.0,0.0,0.0,0.0,,,,,,,,,,,,,0.0,0.0,0.0,,,,,,,,,,,,,0.0,0.0,0.0,0.0,0.0,0.0,0.0,0.0,0.0,0.0,0.0,0.0,0.0,0.0,0.0,0.0,0.0,0.0,0.0,0.0,0.0,0.0,0.0,0.0,0.0,0.0,0.0,0.0,0.0,0.0,0.0,0.0,0.0,0.0,0.0,0.0,0.0,0.0,0.0,0.0,0.0,0.0,0.0,0.0,0.0
17:10:54.835263,-1364.4,-0.6,-1814.76,33.3,1.05,-530.46,249.9,-779.4,-1367.78,1946.25,3966.9,-3765.28,-568.65,208.05,-1054.64,-13.95,4.65,15.0,34.5,-50.55,14.04,10.35,-36.0,27.83,2.85,-33.0,26.62,-1.65,-48.0,22.75,0.0,0.0,0.0,0.0,0.0,0.0,0.0,0.0,0.0,0.0,0.0,0.0,0.0,0.0,0.0,0.0,0.0,0.0,,,,,,,,,,,,,0.0,0.0,0.0,,,,,,,,,,,,,0.0,0.0,0.0,0.0,0.0,0.0,0.0,0.0,0.0,0.0,0.0,0.0,0.0,0.0,0.0,0.0,0.0,0.0,0.0,0.0,0.0,0.0,0.0,0.0,0.0,0.0,0.0,0.0,0.0,0.0,0.0,0.0,0.0,0.0,0.0,0.0,0.0,0.0,0.0,0.0,0.0,0.0,0.0,0.0,0.0
17:10:55.011546,-1368.6,-5.4,-1805.08,40.5,3.0,-526.83,258.0,-777.75,-1363.19,1946.25,3983.7,-3763.58,-574.8,215.7,-1057.78,-16.65,12.9,18.63,23.55,-53.7,13.79,11.7,-34.95,35.57,8.7,-33.3,28.31,2.1,-50.85,25.17,0.0,0.0,0.0,0.0,0.0,0.0,0.0,0.0,0.0,0.0,0.0,0.0,0.0,0.0,0.0,0.0,0.0,0.0,,,,,,,,,,,,,0.0,0.0,0.0,,,,,,,,,,,,,0.0,0.0,0.0,0.0,0.0,0.0,0.0,0.0,0.0,0.0,0.0,0.0,0.0,0.0,0.0,0.0,0.0,0.0,0.0,0.0,0.0,0.0,0.0,0.0,0.0,0.0,0.0,0.0,0.0,0.0,0.0,0.0,0.0,0.0,0.0,0.0,0.0,0.0,0.0,0.0,0.0,0.0,0.0,0.0,0.0
17:10:55.186881,-1379.4,3.9,-1806.29,42.3,4.35,-533.37,259.05,-782.85,-1360.52,1950.6,3986.55,-3758.74,-571.05,221.25,-1055.12,-13.2,4.8,12.58,28.35,-54.6,9.2,14.1,-40.95,30.73,2.25,-34.5,23.23,-0.15,-42.9,19.36,0.0,0.0,0.0,0.0,0.0,0.0,0.0,0.0,0.0,0.0,0.0,0.0,0.0,0.0,0.0,0.0,0.0,0.0,,,,,,,,,,,,,0.0,0.0,0.0,,,,,,,,,,,,,0.0,0.0,0.0,0.0,0.0,0.0,0.0,0.0,0.0,0.0,0.0,0.0,0.0,0.0,0.0,0.0,0.0,0.0,0.0,0.0,0.0,0.0,0.0,0.0,0.0,0.0,0.0,0.0,0.0,0.0,0.0,0.0,0.0,0.0,0.0,0.0,0.0,0.0,0.0,0.0,0.0,0.0,0.0,0.0,0.0
17:10:55.362931,-1372.65,6.45,-1799.75,38.7,-3.45,-526.11,260.85,-785.25,-1367.06,1940.85,3991.2,-3757.53,-570.6,217.8,-1047.38,-8.25,4.5,20.33,23.4,-57.75,21.78,10.35,-43.2,37.99,4.95,-27.0,24.44,-2.55,-48.9,19.6,0.0,0.0,0.0,0.0,0.0,0.0,0.0,0.0,0.0,0.0,0.0,0.0,0.0,0.0,0.0,0.0,0.0,0.0,,,,,,,,,,,,,0.0,0.0,0.0,,,,,,,,,,,,,0.0,0.0,0.0,0.0,0.0,0.0,0.0,0.0,0.0,0.0,0.0,0.0,0.0,0.0,0.0,0.0,0.0,0.0,0.0,0.0,0.0,0.0,0.0,0.0,0.0,0.0,0.0,0.0,0.0,0.0,0.0,0.0,0.0,0.0,0.0,0.0,0.0,0.0,0.0,0.0,0.0,0.0,0.0,0.0,0.0
17:10:55.544563,-1382.25,2.1,-1784.51,37.8,2.55,-526.11,262.2,-784.95,-1365.85,1944.75,3995.25,-3762.62,-577.05,218.55,-1045.2,-9.75,4.5,13.31,30.0,-59.25,19.6,6.6,-34.8,28.31,6.9,-28.2,33.4,6.6,-47.4,19.84,0.0,0.0,0.0,0.0,0.0,0.0,0.0,0.0,0.0,0.0,0.0,0.0,0.0,0.0,0.0,0.0,0.0,0.0,,,,,,,,,,,,,0.0,0.0,0.0,,,,,,,,,,,,,0.0,0.0,0.0,0.0,0.0,0.0,0.0,0.0,0.0,0.0,0.0,0.0,0.0,0.0,0.0,0.0,0.0,0.0,0.0,0.0,0.0,0.0,0.0,0.0,0.0,0.0,0.0,0.0,0.0,0.0,0.0,0.0,0.0,0.0,0.0,0.0,0.0,0.0,0.0,0.0,0.0,0.0,0.0,0.0,0.0
17:10:55.708481,-1382.4,3.45,-1799.03,35.55,1.65,-530.46,261.9,-778.35,-1358.59,1942.8,3980.1,-3763.1,-576.45,215.25,-1054.88,-18.3,5.85,20.33,26.1,-54.9,13.31,8.1,-39.75,34.61,9.3,-29.7,33.4,-3.15,-43.05,11.62,0.0,0.0,0.0,0.0,0.0,0.0,0.0,0.0,0.0,0.0,0.0,0.0,0.0,0.0,0.0,0.0,0.0,0.0,,,,,,,,,,,,,0.0,0.0,0.0,,,,,,,,,,,,,0.0,0.0,0.0,0.0,0.0,0.0,0.0,0.0,0.0,0.0,0.0,0.0,0.0,0.0,0.0,0.0,0.0,0.0,0.0,0.0,0.0,0.0,0.0,0.0,0.0,0.0,0.0,0.0,0.0,0.0,0.0,0.0,0.0,0.0,0.0,0.0,0.0,0.0,0.0,0.0,0.0,0.0,0.0,0.0,0.0
17:10:55.880443,-1373.85,4.65,-1797.33,43.5,-2.1,-524.41,262.95,-780.75,-1362.22,1951.05,3986.7,-3764.55,-575.85,213.3,-1051.73,-21.75,3.75,15.0,31.65,-52.35,16.21,8.55,-31.65,35.33,0.3,-28.2,19.12,-1.8,-45.0,24.2,0.0,0.0,0.0,0.0,0.0,0.0,0.0,0.0,0.0,0.0,0.0,0.0,0.0,0.0,0.0,0.0,0.0,0.0,,,,,,,,,,,,,0.0,0.0,0.0,,,,,,,,,,,,,0.0,0.0,0.0,0.0,0.0,0.0,0.0,0.0,0.0,0.0,0.0,0.0,0.0,0.0,0.0,0.0,0.0,0.0,0.0,0.0,0.0,0.0,0.0,0.0,0.0,0.0,0.0,0.0,0.0,0.0,0.0,0.0,0.0,0.0,0.0,0.0,0.0,0.0,0.0,0.0,0.0,0.0,0.0,0.0,0.0
17:10:56.055988,-1379.85,0.6,-1795.16,42.9,4.05,-526.83,263.7,-781.65,-1351.33,1941.15,3974.85,-3773.26,-568.5,215.4,-1048.83,-17.4,3.45,22.26,24.6,-51.9,2.66,9.6,-39.9,28.8,3.75,-29.25,28.8,-3.75,-46.2,17.67,0.0,0.0,0.0,0.0,0.0,0.0,0.0,0.0,0.0,0.0,0.0,0.0,0.0,0.0,0.0,0.0,0.0,0.0,,,,,,,,,,,,,0.0,0.0,0.0,,,,,,,,,,,,,0.0,0.0,0.0,0.0,0.0,0.0,0.0,0.0,0.0,0.0,0.0,0.0,0.0,0.0,0.0,0.0,0.0,0.0,0.0,0.0,0.0,0.0,0.0,0.0,0.0,0.0,0.0,0.0,0.0,0.0,0.0,0.0,0.0,0.0,0.0,0.0,0.0,0.0,0.0,0.0,0.0,0.0,0.0,0.0,0.0
17:10:56.232247,-1372.95,-1.5,-1795.4,36.6,4.8,-522.96,257.1,-781.65,-1356.41,1938.9,3973.95,-3780.52,-573.9,211.05,-1046.89,-15.0,5.4,8.95,27.45,-56.7,12.34,4.95,-36.9,23.47,3.0,-33.75,19.84,-4.05,-42.3,23.96,0.0,0.0,0.0,0.0,0.0,0.0,0.0,0.0,0.0,0.0,0.0,0.0,0.0,0.0,0.0,0.0,0.0,0.0,,,,,,,,,,,,,0.0,0.0,0.0,,,,,,,,,,,,,0.0,0.0,0.0,0.0,0.0,0.0,0.0,0.0,0.0,0.0,0.0,0.0,0.0,0.0,0.0,0.0,0.0,0.0,0.0,0.0,0.0,0.0,0.0,0.0,0.0,0.0,0.0,0.0,0.0,0.0,0.0,0.0,0.0,0.0,0.0,0.0,0.0,0.0,0.0,0.0,0.0,0.0,0.0,0.0,0.0
17:10:56.408057,-1379.55,0.6,-1793.46,42.45,3.3,-526.83,264.0,-786.15,-1368.75,1940.1,3994.2,-3772.78,-576.15,214.8,-1054.39,-16.8,7.95,16.94,26.55,-52.95,16.7,5.4,-36.3,34.36,0.15,-31.2,29.77,-5.4,-46.05,25.17,0.0,0.0,0.0,0.0,0.0,0.0,0.0,0.0,0.0,0.0,0.0,0.0,0.0,0.0,0.0,0.0,0.0,0.0,,,,,,,,,,,,,0.0,0.0,0.0,,,,,,,,,,,,,0.0,0.0,0.0,0.0,0.0,0.0,0.0,0.0,0.0,0.0,0.0,0.0,0.0,0.0,0.0,0.0,0.0,0.0,0.0,0.0,0.0,0.0,0.0,0.0,0.0,0.0,0.0,0.0,0.0,0.0,0.0,0.0,0.0,0.0,0.0,0.0,0.0,0.0,0.0,0.0,0.0,0.0,0.0,0.0,0.0
17:10:56.583537,-1375.5,0.6,-1783.78,36.6,-0.6,-516.91,261.15,-784.5,-1360.28,1940.1,3985.8,-3778.59,-577.05,219.3,-1049.55,-15.3,6.6,17.18,28.95,-51.9,8.95,12.3,-34.95,22.99,-0.45,-30.6,27.35,-4.8,-44.55,23.47,0.0,0.0,0.0,0.0,0.0,0.0,0.0,0.0,0.0,0.0,0.0,0.0,0.0,0.0,0.0,0.0,0.0,0.0,,,,,,,,,,,,,0.0,0.0,0.0,,,,,,,,,,,,,0.0,0.0,0.0,0.0,0.0,0.0,0.0,0.0,0.0,0.0,0.0,0.0,0.0,0.0,0.0,0.0,0.0,0.0,0.0,0.0,0.0,0.0,0.0,0.0,0.0,0.0,0.0,0.0,0.0,0.0,0.0,0.0,0.0,0.0,0.0,0.0,0.0,0.0,0.0,0.0,0.0,0.0,0.0,0.0,0.0
17:10:56.759908,-1380.6,4.95,-1785.72,37.95,4.65,-535.55,258.45,-787.05,-1366.33,1938.0,3969.9,-3780.04,-573.6,216.15,-1050.52,-13.5,3.45,12.1,24.3,-55.5,15.0,16.5,-35.1,30.25,0.3,-28.95,28.56,-0.9,-50.25,22.26,0.0,0.0,0.0,0.0,0.0,0.0,0.0,0.0,0.0,0.0,0.0,0.0,0.0,0.0,0.0,0.0,0.0,0.0,,,,,,,,,,,,,0.0,0.0,0.0,,,,,,,,,,,,,0.0,0.0,0.0,0.0,0.0,0.0,0.0,0.0,0.0,0.0,0.0,0.0,0.0,0.0,0.0,0.0,0.0,0.0,0.0,0.0,0.0,0.0,0.0,0.0,0.0,0.0,0.0,0.0,0.0,0.0,0.0,0.0,0.0,0.0,0.0,0.0,0.0,0.0,0.0,0.0,0.0,0.0,0.0,0.0,0.0
17:10:56.935371,-1377.3,-1.8,-1795.16,42.0,0.0,-518.36,259.95,-782.4,-1355.93,1941.15,3985.05,-3789.24,-578.25,217.05,-1050.28,-15.6,7.2,6.53,27.9,-55.5,15.97,10.5,-33.9,30.98,3.15,-33.0,27.59,-4.95,-47.1,19.12,0.0,0.0,0.0,0.0,0.0,0.0,0.0,0.0,0.0,0.0,0.0,0.0,0.0,0.0,0.0,0.0,0.0,0.0,,,,,,,,,,,,,0.0,0.0,0.0,,,,,,,,,,,,,0.0,0.0,0.0,0.0,0.0,0.0,0.0,0.0,0.0,0.0,0.0,0.0,0.0,0.0,0.0,0.0,0.0,0.0,0.0,0.0,0.0,0.0,0.0,0.0,0.0,0.0,0.0,0.0,0.0,0.0,0.0,0.0,0.0,0.0,0.0,0.0,0.0,0.0,0.0,0.0,0.0,0.0,0.0,0.0,0.0
17:10:57.111271,-1381.35,-3.45,-1787.65,43.2,5.85,-524.41,261.3,-781.5,-1354.96,1938.9,3981.15,-3780.28,-572.4,220.35,-1053.67,-14.55,6.0,17.18,30.6,-55.8,21.78,6.75,-41.7,29.04,7.65,-29.4,34.36,1.8,-46.35,17.42,0.0,0.0,0.0,0.0,0.0,0.0,0.0,0.0,0.0,0.0,0.0,0.0,0.0,0.0,0.0,0.0,0.0,0.0,,,,,,,,,,,,,0.0,0.0,0.0,,,,,,,,,,,,,0.0,0.0,0.0,0.0,0.0,0.0,0.0,0.0,0.0,0.0,0.0,0.0,0.0,0.0,0.0,0.0,0.0,0.0,0.0,0.0,0.0,0.0,0.0,0.0,0.0,0.0,0.0,0.0,0.0,0.0,0.0,0.0,0.0,0.0,0.0,0.0,0.0,0.0,0.0,0.0,0.0,0.0,0.0,0.0,0.0
17:10:57.287193,-1383.15,-4.2,-1783.06,34.95,1.65,-539.9,262.8,-783.9,-1353.51,1948.65,3983.7,-3771.33,-573.15,217.05,-1046.65,-11.4,6.45,11.13,29.4,-51.15,14.76,9.9,-36.9,30.25,-0.45,-28.5,28.56,-1.35,-46.35,16.21,0.0,0.0,0.0,0.0,0.0,0.0,0.0,0.0,0.0,0.0,0.0,0.0,0.0,0.0,0.0,0.0,0.0,0.0,,,,,,,,,,,,,0.0,0.0,0.0,,,,,,,,,,,,,0.0,0.0,0.0,0.0,0.0,0.0,0.0,0.0,0.0,0.0,0.0,0.0,0.0,0.0,0.0,0.0,0.0,0.0,0.0,0.0,0.0,0.0,0.0,0.0,0.0,0.0,0.0,0.0,0.0,0.0,0.0,0.0,0.0,0.0,0.0,0.0,0.0,0.0,0.0,0.0,0.0,0.0,0.0,0.0,0.0
17:10:57.462890,-1388.55,3.45,-1786.2,40.05,1.05,-532.88,260.25,-791.85,-1356.17,1935.3,3979.95,-3752.45,-570.15,219.3,-1048.1,-17.25,10.35,10.65,31.65,-51.0,21.78,8.55,-39.15,34.12,6.6,-28.8,22.99,-3.9,-41.7,14.76,0.0,0.0,0.0,0.0,0.0,0.0,0.0,0.0,0.0,0.0,0.0,0.0,0.0,0.0,0.0,0.0,0.0,0.0,,,,,,,,,,,,,0.0,0.0,0.0,,,,,,,,,,,,,0.0,0.0,0.0,0.0,0.0,0.0,0.0,0.0,0.0,0.0,0.0,0.0,0.0,0.0,0.0,0.0,0.0,0.0,0.0,0.0,0.0,0.0,0.0,0.0,0.0,0.0,0.0,0.0,0.0,0.0,0.0,0.0,0.0,0.0,0.0,0.0,0.0,0.0,0.0,0.0,0.0,0.0,0.0,0.0,0.0
17:10:57.638538,-1383.45,-3.75,-1786.93,36.0,-0.3,-525.87,266.55,-782.4,-1348.91,1940.1,3995.85,-3757.05,-580.5,223.8,-1047.38,-12.0,9.75,7.26,24.9,-54.45,4.11,9.9,-32.85,37.51,10.65,-38.1,24.93,1.2,-46.5,24.93,0.0,0.0,0.0,0.0,0.0,0.0,0.0,0.0,0.0,0.0,0.0,0.0,0.0,0.0,0.0,0.0,0.0,0.0,,,,,,,,,,,,,0.0,0.0,0.0,,,,,,,,,,,,,0.0,0.0,0.0,0.0,0.0,0.0,0.0,0.0,0.0,0.0,0.0,0.0,0.0,0.0,0.0,0.0,0.0,0.0,0.0,0.0,0.0,0.0,0.0,0.0,0.0,0.0,0.0,0.0,0.0,0.0,0.0,0.0,0.0,0.0,0.0,0.0,0.0,0.0,0.0,0.0,0.0,0.0,0.0,0.0,0.0
17:10:57.814877,-1384.5,2.85,-1778.94,33.3,-1.65,-527.8,264.6,-785.1,-1352.3,1951.95,3980.55,-3756.81,-574.35,218.55,-1044.23,-14.85,5.85,10.41,27.75,-47.7,10.89,7.8,-38.7,28.8,8.85,-28.95,23.23,0.15,-46.65,20.57,0.0,0.0,0.0,0.0,0.0,0.0,0.0,0.0,0.0,0.0,0.0,0.0,0.0,0.0,0.0,0.0,0.0,0.0,,,,,,,,,,,,,0.0,0.0,0.0,,,,,,,,,,,,,0.0,0.0,0.0,0.0,0.0,0.0,0.0,0.0,0.0,0.0,0.0,0.0,0.0,0.0,0.0,0.0,0.0,0.0,0.0,0.0,0.0,0.0,0.0,0.0,0.0,0.0,0.0,0.0,0.0,0.0,0.0,0.0,0.0,0.0,0.0,0.0,0.0,0.0,0.0,0.0,0.0,0.0,0.0,0.0,0.0
17:10:57.990390,-1389.9,5.25,-1783.3,49.5,-1.35,-530.46,267.3,-789.3,-1352.05,1947.15,3969.45,-3748.1,-582.0,219.0,-1044.47,-13.2,3.15,10.41,33.15,-53.7,12.58,10.05,-41.4,35.57,4.2,-30.0,26.38,-1.95,-48.15,12.58,0.0,0.0,0.0,0.0,0.0,0.0,0.0,0.0,0.0,0.0,0.0,0.0,0.0,0.0,0.0,0.0,0.0,0.0,,,,,,,,,,,,,0.0,0.0,0.0,,,,,,,,,,,,,0.0,0.0,0.0,0.0,0.0,0.0,0.0,0.0,0.0,0.0,0.0,0.0,0.0,0.0,0.0,0.0,0.0,0.0,0.0,0.0,0.0,0.0,0.0,0.0,0.0,0.0,0.0,0.0,0.0,0.0,0.0,0.0,0.0,0.0,0.0,0.0,0.0,0.0,0.0,0.0,0.0,0.0,0.0,0.0,0.0
17:10:58.166224,-1384.8,-2.1,-1781.36,42.15,-3.15,-521.99,269.55,-789.3,-1350.6,1945.65,3978.6,-3757.78,-579.9,226.05,-1049.07,-16.05,6.6,10.65,27.9,-56.1,17.42,8.85,-39.75,30.25,4.95,-29.4,20.09,2.1,-54.9,24.68,0.0,0.0,0.0,0.0,0.0,0.0,0.0,0.0,0.0,0.0,0.0,0.0,0.0,0.0,0.0,0.0,0.0,0.0,,,,,,,,,,,,,0.0,0.0,0.0,,,,,,,,,,,,,0.0,0.0,0.0,0.0,0.0,0.0,0.0,0.0,0.0,0.0,0.0,0.0,0.0,0.0,0.0,0.0,0.0,0.0,0.0,0.0,0.0,0.0,0.0,0.0,0.0,0.0,0.0,0.0,0.0,0.0,0.0,0.0,0.0,0.0,0.0,0.0,0.0,0.0,0.0,0.0,0.0,0.0,0.0,0.0,0.0
17:10:58.341541,-1389.9,2.55,-1780.15,43.95,3.75,-530.95,265.8,-784.8,-1359.56,1950.45,3984.6,-3753.42,-580.65,227.55,-1051.01,-19.05,10.05,13.55,26.4,-52.5,6.29,7.2,-43.05,33.88,2.85,-31.65,19.6,-0.9,-47.7,23.96,0.0,0.0,0.0,0.0,0.0,0.0,0.0,0.0,0.0,0.0,0.0,0.0,0.0,0.0,0.0,0.0,0.0,0.0,,,,,,,,,,,,,0.0,0.0,0.0,,,,,,,,,,,,,0.0,0.0,0.0,0.0,0.0,0.0,0.0,0.0,0.0,0.0,0.0,0.0,0.0,0.0,0.0,0.0,0.0,0.0,0.0,0.0,0.0,0.0,0.0,0.0,0.0,0.0,0.0,0.0,0.0,0.0,0.0,0.0,0.0,0.0,0.0,0.0,0.0,0.0,0.0,0.0,0.0,0.0,0.0,0.0,0.0
17:10:58.524221,-1392.75,-0.75,-1787.17,47.25,0.3,-525.62,260.85,-789.0,-1359.07,1941.9,3977.4,-3758.5,-581.4,218.25,-1062.62,-7.5,0.3,7.02,27.3,-57.0,11.86,7.35,-40.35,34.85,-1.5,-31.8,27.83,-5.25,-44.25,22.51,0.0,0.0,0.0,0.0,0.0,0.0,0.0,0.0,0.0,0.0,0.0,0.0,0.0,0.0,0.0,0.0,0.0,0.0,,,,,,,,,,,,,0.0,0.0,0.0,,,,,,,,,,,,,0.0,0.0,0.0,0.0,0.0,0.0,0.0,0.0,0.0,0.0,0.0,0.0,0.0,0.0,0.0,0.0,0.0,0.0,0.0,0.0,0.0,0.0,0.0,0.0,0.0,0.0,0.0,0.0,0.0,0.0,0.0,0.0,0.0,0.0,0.0,0.0,0.0,0.0,0.0,0.0,0.0,0.0,0.0,0.0,0.0
17:10:58.688547,-1392.3,3.3,-1774.59,43.95,0.15,-533.37,268.65,-789.45,-1352.05,1955.85,3985.8,-3755.6,-574.35,222.15,-1042.29,-14.85,7.05,8.71,25.5,-55.8,9.44,12.15,-41.85,28.8,5.1,-31.35,28.8,-2.85,-47.7,17.91,0.0,0.0,0.0,0.0,0.0,0.0,0.0,0.0,0.0,0.0,0.0,0.0,0.0,0.0,0.0,0.0,0.0,0.0,,,,,,,,,,,,,0.0,0.0,0.0,,,,,,,,,,,,,0.0,0.0,0.0,0.0,0.0,0.0,0.0,0.0,0.0,0.0,0.0,0.0,0.0,0.0,0.0,0.0,0.0,0.0,0.0,0.0,0.0,0.0,0.0,0.0,0.0,0.0,0.0,0.0,0.0,0.0,0.0,0.0,0.0,0.0,0.0,0.0,0.0,0.0,0.0,0.0,0.0,0.0,0.0,0.0,0.0
17:10:58.859825,-1389.3,3.45,-1771.68,43.5,-2.4,-521.75,268.95,-792.3,-1350.6,1953.75,3974.4,-3757.05,-572.25,220.65,-1034.55,-10.05,12.75,17.91,28.95,-57.9,9.44,12.75,-33.45,30.98,0.9,-33.45,24.2,-5.4,-46.95,18.88,0.0,0.0,0.0,0.0,0.0,0.0,0.0,0.0,0.0,0.0,0.0,0.0,0.0,0.0,0.0,0.0,0.0,0.0,,,,,,,,,,,,,0.0,0.0,0.0,,,,,,,,,,,,,0.0,0.0,0.0,0.0,0.0,0.0,0.0,0.0,0.0,0.0,0.0,0.0,0.0,0.0,0.0,0.0,0.0,0.0,0.0,0.0,0.0,0.0,0.0,0.0,0.0,0.0,0.0,0.0,0.0,0.0,0.0,0.0,0.0,0.0,0.0,0.0,0.0,0.0,0.0,0.0,0.0,0.0,0.0,0.0,0.0
17:10:59.035152,-1389.45,-1.2,-1769.26,38.55,-0.3,-523.93,268.8,-787.05,-1354.96,1956.0,3979.65,-3752.45,-584.85,221.1,-1034.07,-14.1,9.45,15.97,27.3,-56.7,13.07,7.95,-38.4,32.19,6.6,-30.9,24.68,0.9,-48.15,13.31,0.0,0.0,0.0,0.0,0.0,0.0,0.0,0.0,0.0,0.0,0.0,0.0,0.0,0.0,0.0,0.0,0.0,0.0,,,,,,,,,,,,,0.0,0.0,0.0,,,,,,,,,,,,,0.0,0.0,0.0,0.0,0.0,0.0,0.0,0.0,0.0,0.0,0.0,0.0,0.0,0.0,0.0,0.0,0.0,0.0,0.0,0.0,0.0,0.0,0.0,0.0,0.0,0.0,0.0,0.0,0.0,0.0,0.0,0.0,0.0,0.0,0.0,0.0,0.0,0.0,0.0,0.0,0.0,0.0,0.0,0.0,0.0
17:10:59.211630,-1392.6,3.45,-1770.96,43.5,-3.6,-539.66,263.1,-787.65,-1359.8,1953.0,3966.6,-3760.68,-578.55,221.85,-1043.75,-15.3,6.3,22.51,27.15,-61.35,8.71,15.0,-38.25,34.61,3.9,-29.85,21.78,-6.6,-46.8,17.42,0.0,0.0,0.0,0.0,0.0,0.0,0.0,0.0,0.0,0.0,0.0,0.0,0.0,0.0,0.0,0.0,0.0,0.0,,,,,,,,,,,,,0.0,0.0,0.0,,,,,,,,,,,,,0.0,0.0,0.0,0.0,0.0,0.0,0.0,0.0,0.0,0.0,0.0,0.0,0.0,0.0,0.0,0.0,0.0,0.0,0.0,0.0,0.0,0.0,0.0,0.0,0.0,0.0,0.0,0.0,0.0,0.0,0.0,0.0,0.0,0.0,0.0,0.0,0.0,0.0,0.0,0.0,0.0,0.0,0.0,0.0,0.0
17:10:59.387841,-1391.4,0.75,-1772.17,43.2,-1.65,-529.01,266.25,-793.65,-1350.6,1954.2,3986.85,-3758.74,-583.65,217.35,-1043.75,-15.0,13.35,6.78,24.75,-57.9,15.0,4.35,-36.75,39.69,3.45,-30.6,22.99,4.35,-42.75,16.94,0.0,0.0,0.0,0.0,0.0,0.0,0.0,0.0,0.0,0.0,0.0,0.0,0.0,0.0,0.0,0.0,0.0,0.0,,,,,,,,,,,,,0.0,0.0,0.0,,,,,,,,,,,,,0.0,0.0,0.0,0.0,0.0,0.0,0.0,0.0,0.0,0.0,0.0,0.0,0.0,0.0,0.0,0.0,0.0,0.0,0.0,0.0,0.0,0.0,0.0,0.0,0.0,0.0,0.0,0.0,0.0,0.0,0.0,0.0,0.0,0.0,0.0,0.0,0.0,0.0,0.0,0.0,0.0,0.0,0.0,0.0,0.0
17:10:59.563668,-1391.4,-0.15,-1775.8,43.8,4.5,-527.56,270.9,-787.95,-1355.93,1949.55,3985.65,-3757.29,-575.4,224.55,-1042.54,-13.05,4.65,24.68,28.5,-64.05,17.67,13.35,-34.35,30.49,4.65,-34.95,27.59,-0.6,-45.9,14.76,0.0,0.0,0.0,0.0,0.0,0.0,0.0,0.0,0.0,0.0,0.0,0.0,0.0,0.0,0.0,0.0,0.0,0.0,,,,,,,,,,,,,0.0,0.0,0.0,,,,,,,,,,,,,0.0,0.0,0.0,0.0,0.0,0.0,0.0,0.0,0.0,0.0,0.0,0.0,0.0,0.0,0.0,0.0,0.0,0.0,0.0,0.0,0.0,0.0,0.0,0.0,0.0,0.0,0.0,0.0,0.0,0.0,0.0,0.0,0.0,0.0,0.0,0.0,0.0,0.0,0.0,0.0,0.0,0.0,0.0,0.0,0.0
17:10:59.739408,-1389.9,0.75,-1780.88,40.5,2.85,-529.25,272.1,-794.55,-1348.91,1951.8,3986.55,-3763.34,-582.0,214.35,-1053.43,-13.35,9.15,22.26,29.55,-53.1,16.46,11.4,-33.75,39.69,5.55,-33.6,28.31,-3.0,-44.7,22.02,0.0,0.0,0.0,0.0,0.0,0.0,0.0,0.0,0.0,0.0,0.0,0.0,0.0,0.0,0.0,0.0,0.0,0.0,,,,,,,,,,,,,0.0,0.0,0.0,,,,,,,,,,,,,0.0,0.0,0.0,0.0,0.0,0.0,0.0,0.0,0.0,0.0,0.0,0.0,0.0,0.0,0.0,0.0,0.0,0.0,0.0,0.0,0.0,0.0,0.0,0.0,0.0,0.0,0.0,0.0,0.0,0.0,0.0,0.0,0.0,0.0,0.0,0.0,0.0,0.0,0.0,0.0,0.0,0.0,0.0,0.0,0.0
17:10:59.915204,-1389.0,3.15,-1771.92,44.7,-3.6,-529.5,266.85,-791.55,-1350.12,1954.2,3981.0,-3747.37,-580.8,223.5,-1039.15,-18.3,7.8,15.73,34.35,-60.75,17.42,13.65,-40.8,35.33,6.3,-34.2,19.6,-1.35,-44.7,21.78,0.0,0.0,0.0,0.0,0.0,0.0,0.0,0.0,0.0,0.0,0.0,0.0,0.0,0.0,0.0,0.0,0.0,0.0,,,,,,,,,,,,,0.0,0.0,0.0,,,,,,,,,,,,,0.0,0.0,0.0,0.0,0.0,0.0,0.0,0.0,0.0,0.0,0.0,0.0,0.0,0.0,0.0,0.0,0.0,0.0,0.0,0.0,0.0,0.0,0.0,0.0,0.0,0.0,0.0,0.0,0.0,0.0,0.0,0.0,0.0,0.0,0.0,0.0,0.0,0.0,0.0,0.0,0.0,0.0,0.0,0.0,0.0
17:11:00.091197,-1393.8,-1.8,-1770.71,42.45,-0.45,-525.14,271.2,-788.4,-1353.26,1947.3,3976.5,-3760.2,-582.0,224.7,-1035.52,-12.6,6.75,16.46,22.65,-56.1,8.47,0.6,-42.0,33.64,0.75,-31.2,29.28,-0.15,-49.65,18.88,0.0,0.0,0.0,0.0,0.0,0.0,0.0,0.0,0.0,0.0,0.0,0.0,0.0,0.0,0.0,0.0,0.0,0.0,,,,,,,,,,,,,0.0,0.0,0.0,,,,,,,,,,,,,0.0,0.0,0.0,0.0,0.0,0.0,0.0,0.0,0.0,0.0,0.0,0.0,0.0,0.0,0.0,0.0,0.0,0.0,0.0,0.0,0.0,0.0,0.0,0.0,0.0,0.0,0.0,0.0,0.0,0.0,0.0,0.0,0.0,0.0,0.0,0.0,0.0,0.0,0.0,0.0,0.0,0.0,0.0,0.0,0.0
17:11:00.267084,-1394.4,-4.95,-1769.5,46.8,-5.1,-528.53,266.1,-795.0,-1351.57,1950.45,3965.55,-3757.78,-581.4,224.55,-1044.23,-12.15,7.5,12.83,26.25,-55.35,12.58,15.3,-34.35,35.82,-1.05,-30.9,23.23,-4.5,-48.75,24.44,0.0,0.0,0.0,0.0,0.0,0.0,0.0,0.0,0.0,0.0,0.0,0.0,0.0,0.0,0.0,0.0,0.0,0.0,,,,,,,,,,,,,0.0,0.0,0.0,,,,,,,,,,,,,0.0,0.0,0.0,0.0,0.0,0.0,0.0,0.0,0.0,0.0,0.0,0.0,0.0,0.0,0.0,0.0,0.0,0.0,0.0,0.0,0.0,0.0,0.0,0.0,0.0,0.0,0.0,0.0,0.0,0.0,0.0,0.0,0.0,0.0,0.0,0.0,0.0,0.0,0.0,0.0,0.0,0.0,0.0,0.0,0.0
17:11:00.443108,-1386.6,5.55,-1777.01,39.3,-3.0,-531.92,270.15,-793.35,-1346.73,1950.0,3969.45,-3754.63,-579.0,227.55,-1041.33,-13.35,10.5,16.46,20.85,-51.45,13.31,5.85,-40.2,35.33,7.5,-38.55,33.15,-3.3,-47.85,30.49,0.0,0.0,0.0,0.0,0.0,0.0,0.0,0.0,0.0,0.0,0.0,0.0,0.0,0.0,0.0,0.0,0.0,0.0,,,,,,,,,,,,,0.0,0.0,0.0,,,,,,,,,,,,,0.0,0.0,0.0,0.0,0.0,0.0,0.0,0.0,0.0,0.0,0.0,0.0,0.0,0.0,0.0,0.0,0.0,0.0,0.0,0.0,0.0,0.0,0.0,0.0,0.0,0.0,0.0,0.0,0.0,0.0,0.0,0.0,0.0,0.0,0.0,0.0,0.0,0.0,0.0,0.0,0.0,0.0,0.0,0.0,0.0
17:11:00.625000,-1393.5,2.85,-1770.47,41.7,-4.35,-521.27,267.15,-795.9,-1355.68,1952.25,3968.25,-3764.79,-584.1,228.6,-1046.17,-14.85,7.95,20.33,25.5,-49.5,6.05,8.4,-34.2,32.67,6.15,-34.65,25.65,2.1,-44.55,30.73,0.0,0.0,0.0,0.0,0.0,0.0,0.0,0.0,0.0,0.0,0.0,0.0,0.0,0.0,0.0,0.0,0.0,0.0,,,,,,,,,,,,,0.0,0.0,0.0,,,,,,,,,,,,,0.0,0.0,0.0,0.0,0.0,0.0,0.0,0.0,0.0,0.0,0.0,0.0,0.0,0.0,0.0,0.0,0.0,0.0,0.0,0.0,0.0,0.0,0.0,0.0,0.0,0.0,0.0,0.0,0.0,0.0,0.0,0.0,0.0,0.0,0.0,0.0,0.0,0.0,0.0,0.0,0.0,0.0,0.0,0.0,0.0
17:11:00.789975,-1397.85,-0.75,-1784.27,37.05,-1.8,-521.99,271.35,-792.15,-1346.25,1945.5,3986.4,-3764.79,-578.85,219.45,-1047.13,-19.35,8.7,14.76,24.9,-51.6,15.73,10.05,-42.9,29.77,12.75,-34.05,28.56,-1.65,-51.0,20.33,0.0,0.0,0.0,0.0,0.0,0.0,0.0,0.0,0.0,0.0,0.0,0.0,0.0,0.0,0.0,0.0,0.0,0.0,,,,,,,,,,,,,0.0,0.0,0.0,,,,,,,,,,,,,0.0,0.0,0.0,0.0,0.0,0.0,0.0,0.0,0.0,0.0,0.0,0.0,0.0,0.0,0.0,0.0,0.0,0.0,0.0,0.0,0.0,0.0,0.0,0.0,0.0,0.0,0.0,0.0,0.0,0.0,0.0,0.0,0.0,0.0,0.0,0.0,0.0,0.0,0.0,0.0,0.0,0.0,0.0,0.0,0.0
17:11:00.960447,-1393.95,2.1,-1771.44,40.5,0.3,-521.27,268.05,-789.15,-1350.84,1953.9,3991.95,-3756.08,-576.9,222.9,-1050.28,-9.3,13.05,14.28,27.0,-54.0,15.73,8.1,-38.55,31.22,1.5,-34.05,30.01,-0.75,-44.4,24.2,0.0,0.0,0.0,0.0,0.0,0.0,0.0,0.0,0.0,0.0,0.0,0.0,0.0,0.0,0.0,0.0,0.0,0.0,,,,,,,,,,,,,0.0,0.0,0.0,,,,,,,,,,,,,0.0,0.0,0.0,0.0,0.0,0.0,0.0,0.0,0.0,0.0,0.0,0.0,0.0,0.0,0.0,0.0,0.0,0.0,0.0,0.0,0.0,0.0,0.0,0.0,0.0,0.0,0.0,0.0,0.0,0.0,0.0,0.0,0.0,0.0,0.0,0.0,0.0,0.0,0.0,0.0,0.0,0.0,0.0,0.0,0.0
17:11:01.136661,-1390.95,5.1,-1774.1,46.2,-1.35,-526.11,265.95,-796.5,-1356.17,1944.45,3969.45,-3764.31,-584.7,231.3,-1048.34,-14.4,5.4,13.07,28.2,-57.3,11.62,10.5,-34.05,30.98,10.2,-31.8,29.28,-5.85,-40.2,18.63,0.0,0.0,0.0,0.0,0.0,0.0,0.0,0.0,0.0,0.0,0.0,0.0,0.0,0.0,0.0,0.0,0.0,0.0,,,,,,,,,,,,,0.0,0.0,0.0,,,,,,,,,,,,,0.0,0.0,0.0,0.0,0.0,0.0,0.0,0.0,0.0,0.0,0.0,0.0,0.0,0.0,0.0,0.0,0.0,0.0,0.0,0.0,0.0,0.0,0.0,0.0,0.0,0.0,0.0,0.0,0.0,0.0,0.0,0.0,0.0,0.0,0.0,0.0,0.0,0.0,0.0,0.0,0.0,0.0,0.0,0.0,0.0
17:11:01.311909,-1394.4,3.3,-1773.86,41.25,0.3,-527.56,270.75,-790.35,-1355.93,1951.5,3977.4,-3758.02,-588.9,223.95,-1048.59,-13.2,9.15,14.28,28.65,-50.1,11.13,10.35,-36.6,33.88,2.85,-30.75,26.38,-1.05,-45.15,23.47,0.0,0.0,0.0,0.0,0.0,0.0,0.0,0.0,0.0,0.0,0.0,0.0,0.0,0.0,0.0,0.0,0.0,0.0,,,,,,,,,,,,,0.0,0.0,0.0,,,,,,,,,,,,,0.0,0.0,0.0,0.0,0.0,0.0,0.0,0.0,0.0,0.0,0.0,0.0,0.0,0.0,0.0,0.0,0.0,0.0,0.0,0.0,0.0,0.0,0.0,0.0,0.0,0.0,0.0,0.0,0.0,0.0,0.0,0.0,0.0,0.0,0.0,0.0,0.0,0.0,0.0,0.0,0.0,0.0,0.0,0.0,0.0
17:11:01.494006,-1390.95,-0.45,-1765.87,44.4,1.65,-528.53,263.7,-784.5,-1355.2,1951.2,3999.6,-3753.18,-578.25,222.15,-1031.65,-8.85,7.65,11.37,23.7,-50.55,16.94,7.35,-35.85,39.2,3.15,-28.95,31.22,0.6,-51.15,16.21,0.0,0.0,0.0,0.0,0.0,0.0,0.0,0.0,0.0,0.0,0.0,0.0,0.0,0.0,0.0,0.0,0.0,0.0,,,,,,,,,,,,,0.0,0.0,0.0,,,,,,,,,,,,,0.0,0.0,0.0,0.0,0.0,0.0,0.0,0.0,0.0,0.0,0.0,0.0,0.0,0.0,0.0,0.0,0.0,0.0,0.0,0.0,0.0,0.0,0.0,0.0,0.0,0.0,0.0,0.0,0.0,0.0,0.0,0.0,0.0,0.0,0.0,0.0,0.0,0.0,0.0,0.0,0.0,0.0,0.0,0.0,0.0
17:11:01.658681,-1395.45,6.3,-1764.42,41.4,1.5,-534.34,275.7,-792.45,-1348.42,1951.8,3977.85,-3762.13,-578.1,223.5,-1036.73,-9.75,10.2,13.31,22.05,-51.3,12.83,12.0,-37.2,37.27,9.3,-28.2,30.49,-1.35,-47.25,19.84,0.0,0.0,0.0,0.0,0.0,0.0,0.0,0.0,0.0,0.0,0.0,0.0,0.0,0.0,0.0,0.0,0.0,0.0,,,,,,,,,,,,,0.0,0.0,0.0,,,,,,,,,,,,,0.0,0.0,0.0,0.0,0.0,0.0,0.0,0.0,0.0,0.0,0.0,0.0,0.0,0.0,0.0,0.0,0.0,0.0,0.0,0.0,0.0,0.0,0.0,0.0,0.0,0.0,0.0,0.0,0.0,0.0,0.0,0.0,0.0,0.0,0.0,0.0,0.0,0.0,0.0,0.0,0.0,0.0,0.0,0.0,0.0
17:11:01.829873,-1399.05,-1.95,-1767.81,38.1,-1.65,-530.46,266.55,-792.45,-1356.65,1950.6,3990.75,-3764.07,-580.65,230.4,-1043.5,-15.0,6.15,12.34,26.85,-54.3,15.97,7.05,-41.55,34.61,6.75,-33.75,29.04,-3.6,-45.3,24.44,0.0,0.0,0.0,0.0,0.0,0.0,0.0,0.0,0.0,0.0,0.0,0.0,0.0,0.0,0.0,0.0,0.0,0.0,,,,,,,,,,,,,0.0,0.0,0.0,,,,,,,,,,,,,0.0,0.0,0.0,0.0,0.0,0.0,0.0,0.0,0.0,0.0,0.0,0.0,0.0,0.0,0.0,0.0,0.0,0.0,0.0,0.0,0.0,0.0,0.0,0.0,0.0,0.0,0.0,0.0,0.0,0.0,0.0,0.0,0.0,0.0,0.0,0.0,0.0,0.0,0.0,0.0,0.0,0.0,0.0,0.0,0.0
17:11:02.005115,-1390.95,6.3,-1770.71,37.05,-5.55,-527.32,268.2,-796.35,-1350.84,1948.95,3987.6,-3762.62,-573.75,220.8,-1045.44,-18.0,3.15,7.74,19.5,-54.15,10.41,10.8,-43.05,36.3,7.05,-29.7,19.84,4.05,-45.75,16.94,0.0,0.0,0.0,0.0,0.0,0.0,0.0,0.0,0.0,0.0,0.0,0.0,0.0,0.0,0.0,0.0,0.0,0.0,,,,,,,,,,,,,0.0,0.0,0.0,,,,,,,,,,,,,0.0,0.0,0.0,0.0,0.0,0.0,0.0,0.0,0.0,0.0,0.0,0.0,0.0,0.0,0.0,0.0,0.0,0.0,0.0,0.0,0.0,0.0,0.0,0.0,0.0,0.0,0.0,0.0,0.0,0.0,0.0,0.0,0.0,0.0,0.0,0.0,0.0,0.0,0.0,0.0,0.0,0.0,0.0,0.0,0.0
17:11:02.187492,-1394.4,2.85,-1769.26,43.2,-0.15,-523.93,271.8,-789.6,-1352.3,1950.75,3978.9,-3754.39,-585.9,221.7,-1036.49,-15.6,8.1,8.71,26.25,-59.4,4.84,8.25,-39.15,35.33,1.2,-33.45,28.8,2.1,-48.6,21.05,0.0,0.0,0.0,0.0,0.0,0.0,0.0,0.0,0.0,0.0,0.0,0.0,0.0,0.0,0.0,0.0,0.0,0.0,,,,,,,,,,,,,0.0,0.0,0.0,,,,,,,,,,,,,0.0,0.0,0.0,0.0,0.0,0.0,0.0,0.0,0.0,0.0,0.0,0.0,0.0,0.0,0.0,0.0,0.0,0.0,0.0,0.0,0.0,0.0,0.0,0.0,0.0,0.0,0.0,0.0,0.0,0.0,0.0,0.0,0.0,0.0,0.0,0.0,0.0,0.0,0.0,0.0,0.0,0.0,0.0,0.0,0.0
17:11:02.352169,-1397.85,8.1,-1768.05,40.05,0.6,-532.4,270.15,-789.45,-1343.34,1948.95,3982.35,-3764.31,-579.3,224.7,-1037.94,-8.55,6.45,19.36,26.1,-60.3,11.86,3.6,-35.4,32.43,3.75,-34.65,24.44,-3.3,-44.7,14.28,0.0,0.0,0.0,0.0,0.0,0.0,0.0,0.0,0.0,0.0,0.0,0.0,0.0,0.0,0.0,0.0,0.0,0.0,,,,,,,,,,,,,0.0,0.0,0.0,,,,,,,,,,,,,0.0,0.0,0.0,0.0,0.0,0.0,0.0,0.0,0.0,0.0,0.0,0.0,0.0,0.0,0.0,0.0,0.0,0.0,0.0,0.0,0.0,0.0,0.0,0.0,0.0,0.0,0.0,0.0,0.0,0.0,0.0,0.0,0.0,0.0,0.0,0.0,0.0,0.0,0.0,0.0,0.0,0.0,0.0,0.0,0.0
17:11:02.522858,-1390.8,-0.9,-1768.29,44.1,0.45,-534.58,263.25,-795.75,-1347.21,1953.6,3989.7,-3769.15,-579.9,223.5,-1044.71,-11.55,9.75,19.36,22.65,-51.3,11.86,8.1,-31.95,37.99,2.4,-40.2,39.2,-0.3,-43.65,18.88,0.0,0.0,0.0,0.0,0.0,0.0,0.0,0.0,0.0,0.0,0.0,0.0,0.0,0.0,0.0,0.0,0.0,0.0,,,,,,,,,,,,,0.0,0.0,0.0,,,,,,,,,,,,,0.0,0.0,0.0,0.0,0.0,0.0,0.0,0.0,0.0,0.0,0.0,0.0,0.0,0.0,0.0,0.0,0.0,0.0,0.0,0.0,0.0,0.0,0.0,0.0,0.0,0.0,0.0,0.0,0.0,0.0,0.0,0.0,0.0,0.0,0.0,0.0,0.0,0.0,0.0,0.0,0.0,0.0,0.0,0.0,0.0
17:11:02.698634,-1396.2,-1.95,-1775.07,47.1,-1.35,-521.27,263.1,-789.6,-1349.39,1952.85,3985.8,-3749.06,-586.65,224.1,-1037.45,-14.4,7.65,21.78,22.65,-51.15,15.0,14.4,-33.15,32.91,2.85,-34.2,26.14,-0.9,-44.25,19.84,0.0,0.0,0.0,0.0,0.0,0.0,0.0,0.0,0.0,0.0,0.0,0.0,0.0,0.0,0.0,0.0,0.0,0.0,,,,,,,,,,,,,0.0,0.0,0.0,,,,,,,,,,,,,0.0,0.0,0.0,0.0,0.0,0.0,0.0,0.0,0.0,0.0,0.0,0.0,0.0,0.0,0.0,0.0,0.0,0.0,0.0,0.0,0.0,0.0,0.0,0.0,0.0,0.0,0.0,0.0,0.0,0.0,0.0,0.0,0.0,0.0,0.0,0.0,0.0,0.0,0.0,0.0,0.0,0.0,0.0,0.0,0.0
17:11:02.880528,-1393.35,1.8,-1776.76,46.8,0.6,-530.95,265.2,-787.8,-1350.36,1950.6,3984.9,-3767.46,-586.95,223.35,-1054.15,-12.0,6.9,12.83,32.1,-55.65,7.26,11.4,-40.95,37.75,2.4,-36.75,20.33,2.1,-52.65,21.78,0.0,0.0,0.0,0.0,0.0,0.0,0.0,0.0,0.0,0.0,0.0,0.0,0.0,0.0,0.0,0.0,0.0,0.0,,,,,,,,,,,,,0.0,0.0,0.0,,,,,,,,,,,,,0.0,0.0,0.0,0.0,0.0,0.0,0.0,0.0,0.0,0.0,0.0,0.0,0.0,0.0,0.0,0.0,0.0,0.0,0.0,0.0,0.0,0.0,0.0,0.0,0.0,0.0,0.0,0.0,0.0,0.0,0.0,0.0,0.0,0.0,0.0,0.0,0.0,0.0,0.0,0.0,0.0,0.0,0.0,0.0,0.0
17:11:03.045410,-1393.2,6.75,-1768.05,40.35,-0.75,-534.82,275.1,-790.8,-1351.81,1950.15,3986.4,-3759.23,-581.1,226.65,-1046.41,-6.75,10.35,11.62,19.95,-53.55,12.83,9.15,-37.2,33.4,4.35,-35.55,23.72,-8.4,-43.5,21.78,0.0,0.0,0.0,0.0,0.0,0.0,0.0,0.0,0.0,0.0,0.0,0.0,0.0,0.0,0.0,0.0,0.0,0.0,,,,,,,,,,,,,0.0,0.0,0.0,,,,,,,,,,,,,0.0,0.0,0.0,0.0,0.0,0.0,0.0,0.0,0.0,0.0,0.0,0.0,0.0,0.0,0.0,0.0,0.0,0.0,0.0,0.0,0.0,0.0,0.0,0.0,0.0,0.0,0.0,0.0,0.0,0.0,0.0,0.0,0.0,0.0,0.0,0.0,0.0,0.0,0.0,0.0,0.0,0.0,0.0,0.0,0.0
17:11:03.222184,-1390.5,4.65,-1770.23,44.1,3.15,-528.29,268.05,-796.05,-1353.26,1951.65,3976.95,-3758.5,-584.7,219.9,-1037.94,-7.5,6.0,18.63,26.85,-57.45,7.74,9.0,-36.15,30.73,10.95,-33.0,34.12,-0.9,-47.55,15.73,0.0,0.0,0.0,0.0,0.0,0.0,0.0,0.0,0.0,0.0,0.0,0.0,0.0,0.0,0.0,0.0,0.0,0.0,,,,,,,,,,,,,0.0,0.0,0.0,,,,,,,,,,,,,0.0,0.0,0.0,0.0,0.0,0.0,0.0,0.0,0.0,0.0,0.0,0.0,0.0,0.0,0.0,0.0,0.0,0.0,0.0,0.0,0.0,0.0,0.0,0.0,0.0,0.0,0.0,0.0,0.0,0.0,0.0,0.0,0.0,0.0,0.0,0.0,0.0,0.0,0.0,0.0,0.0,0.0,0.0,0.0,0.0
17:11:03.386883,-1397.55,3.3,-1768.05,42.9,2.1,-525.87,267.75,-795.9,-1354.47,1947.45,3987.45,-3756.32,-576.6,222.0,-1038.66,-18.0,7.5,18.63,26.4,-59.55,18.15,10.8,-39.75,26.86,5.85,-33.6,24.2,-8.55,-43.35,26.38,0.0,0.0,0.0,0.0,0.0,0.0,0.0,0.0,0.0,0.0,0.0,0.0,0.0,0.0,0.0,0.0,0.0,0.0,,,,,,,,,,,,,0.0,0.0,0.0,,,,,,,,,,,,,0.0,0.0,0.0,0.0,0.0,0.0,0.0,0.0,0.0,0.0,0.0,0.0,0.0,0.0,0.0,0.0,0.0,0.0,0.0,0.0,0.0,0.0,0.0,0.0,0.0,0.0,0.0,0.0,0.0,0.0,0.0,0.0,0.0,0.0,0.0,0.0,0.0,0.0,0.0,0.0,0.0,0.0,0.0,0.0,0.0
17:11:03.557836,-1398.15,2.1,-1768.05,42.6,5.85,-528.29,262.8,-798.6,-1351.33,1940.1,3978.75,-3757.05,-579.9,231.15,-1050.76,-16.05,6.3,19.84,19.05,-56.7,17.18,8.55,-43.5,39.69,4.65,-33.3,27.83,-4.95,-49.8,24.93,0.0,0.0,0.0,0.0,0.0,0.0,0.0,0.0,0.0,0.0,0.0,0.0,0.0,0.0,0.0,0.0,0.0,0.0,,,,,,,,,,,,,0.0,0.0,0.0,,,,,,,,,,,,,0.0,0.0,0.0,0.0,0.0,0.0,0.0,0.0,0.0,0.0,0.0,0.0,0.0,0.0,0.0,0.0,0.0,0.0,0.0,0.0,0.0,0.0,0.0,0.0,0.0,0.0,0.0,0.0,0.0,0.0,0.0,0.0,0.0,0.0,0.0,0.0,0.0,0.0,0.0,0.0,0.0,0.0,0.0,0.0,0.0
17:11:03.732877,-1397.1,2.1,-1772.89,41.85,3.6,-516.67,265.8,-788.7,-1356.89,1949.25,3981.6,-3753.42,-578.7,223.65,-1042.78,-15.0,3.3,22.26,25.05,-57.15,13.79,9.45,-35.25,37.99,8.7,-33.75,27.1,0.75,-43.35,13.07,0.0,0.0,0.0,0.0,0.0,0.0,0.0,0.0,0.0,0.0,0.0,0.0,0.0,0.0,0.0,0.0,0.0,0.0,,,,,,,,,,,,,0.0,0.0,0.0,,,,,,,,,,,,,0.0,0.0,0.0,0.0,0.0,0.0,0.0,0.0,0.0,0.0,0.0,0.0,0.0,0.0,0.0,0.0,0.0,0.0,0.0,0.0,0.0,0.0,0.0,0.0,0.0,0.0,0.0,0.0,0.0,0.0,0.0,0.0,0.0,0.0,0.0,0.0,0.0,0.0,0.0,0.0,0.0,0.0,0.0,0.0,0.0
17:11:03.909415,-1396.95,-2.85,-1772.89,42.9,-6.45,-527.32,275.25,-790.5,-1349.39,1941.45,3992.4,-3763.58,-579.3,225.15,-1040.6,-15.75,6.75,12.1,25.05,-59.25,17.67,11.55,-34.2,37.99,1.35,-31.5,26.62,-4.65,-44.4,32.91,0.0,0.0,0.0,0.0,0.0,0.0,0.0,0.0,0.0,0.0,0.0,0.0,0.0,0.0,0.0,0.0,0.0,0.0,,,,,,,,,,,,,0.0,0.0,0.0,,,,,,,,,,,,,0.0,0.0,0.0,0.0,0.0,0.0,0.0,0.0,0.0,0.0,0.0,0.0,0.0,0.0,0.0,0.0,0.0,0.0,0.0,0.0,0.0,0.0,0.0,0.0,0.0,0.0,0.0,0.0,0.0,0.0,0.0,0.0,0.0,0.0,0.0,0.0,0.0,0.0,0.0,0.0,0.0,0.0,0.0,0.0,0.0
17:11:04.085396,-1395.45,5.55,-1771.2,42.9,2.4,-528.53,267.9,-794.85,-1353.26,1948.95,3986.55,-3767.46,-577.65,228.6,-1046.41,-14.25,8.4,16.46,25.5,-51.0,13.07,10.05,-37.05,39.93,2.1,-33.3,28.56,-0.45,-48.0,22.99,0.0,0.0,0.0,0.0,0.0,0.0,0.0,0.0,0.0,0.0,0.0,0.0,0.0,0.0,0.0,0.0,0.0,0.0,,,,,,,,,,,,,0.0,0.0,0.0,,,,,,,,,,,,,0.0,0.0,0.0,0.0,0.0,0.0,0.0,0.0,0.0,0.0,0.0,0.0,0.0,0.0,0.0,0.0,0.0,0.0,0.0,0.0,0.0,0.0,0.0,0.0,0.0,0.0,0.0,0.0,0.0,0.0,0.0,0.0,0.0,0.0,0.0,0.0,0.0,0.0,0.0,0.0,0.0,0.0,0.0,0.0,0.0
